FoldX 3.0 Beta 6.1 (2014)
by the FoldX Consortium 
Jesper Borg, Frederic Rousseau, Joost Schymkowitz,
Luis Serrano and Francois Stricher
------------------------------------------------------

PDB file analysed: 4WE5_original.pdb
Output type: RepairPDB
4WE5_original.pdb
Starting Structure	204.586	-308.131	-100.14	-566.336	-23.7378	807.26	-713.594	64.2416	287.196	762.9	0	0	1.12406	23.5746	246.172	-10.4454	0	-20.4189	-1.35705	0	2.4499	0
Now Optimizing Residues.
PROA4	199.565	-308.686	-101.469	-566.438	-23.7377	806.22	-713.799	62.358	287.575	762.855	0	0	1.12406	23.2901	246.196	-10.4454	0	-20.4189	-1.35705	0	2.49403	0
ASNA6	199.521	-308.686	-101.469	-566.423	-23.7377	806.182	-713.796	62.357	287.565	762.844	0	0	1.12406	23.2885	246.196	-10.4454	0	-20.4189	-1.35705	0	2.49403	0
ASPA7	199.507	-308.686	-101.469	-566.418	-23.7378	806.168	-713.796	62.357	287.565	762.839	0	0	1.12406	23.2885	246.196	-10.4453	0	-20.4189	-1.35702	0	2.49403	0
ASNA8	199.455	-308.686	-101.469	-566.407	-23.7378	806.139	-713.797	62.3523	287.559	762.829	0	0	1.12406	23.276	246.182	-10.4453	0	-20.4189	-1.35702	0	2.49403	0
SERA9	199.446	-308.686	-101.469	-566.395	-23.7378	806.117	-713.784	62.3523	287.547	762.829	0	0	1.12406	23.276	246.182	-10.4453	0	-20.4189	-1.35702	0	2.49403	0
THRA10	199.443	-308.686	-101.469	-566.396	-23.7378	806.118	-713.787	62.3522	287.548	762.829	0	0	1.12406	23.276	246.182	-10.4453	0	-20.4189	-1.35702	0	2.49403	0
THRA12	199.42	-308.686	-101.469	-566.403	-23.7378	806.117	-713.805	62.3522	287.548	762.831	0	0	1.12406	23.276	246.181	-10.4453	0	-20.4189	-1.35702	0	2.49403	0
H2SA18	199.166	-308.686	-101.469	-566.399	-23.7378	806.052	-713.814	62.3522	287.548	762.827	0	0	1.12406	23.0962	246.185	-10.4453	0	-20.4189	-1.35702	0	2.49322	0
PROA21	199.165	-308.686	-101.469	-566.397	-23.7378	806.05	-713.812	62.3522	287.547	762.826	0	0	1.12406	23.0962	246.184	-10.4453	0	-20.4189	-1.35702	0	2.49322	0
ASNA22	199.135	-308.686	-101.469	-566.396	-23.7378	806.047	-713.81	62.3524	287.545	762.826	0	0	1.12406	23.0671	246.185	-10.4453	0	-20.4189	-1.35702	0	2.49322	0
THRA24	199.115	-308.686	-101.469	-566.382	-23.7378	806.039	-713.785	62.3516	287.532	762.825	0	0	1.12406	23.0312	246.184	-10.4453	0	-20.4189	-1.35702	0	2.49322	0
LEUA25	199.071	-308.726	-101.469	-566.414	-23.7378	806.089	-713.822	62.3516	287.547	762.825	0	0	1.12406	23.0312	246.184	-10.4453	0	-20.4189	-1.35702	0	2.49322	0
LYSA27	199.026	-308.725	-101.472	-566.388	-23.7452	806.017	-713.801	62.3517	287.537	762.825	0	0	1.12406	23.0311	246.184	-10.4453	0	-20.4189	-1.35693	0	2.49322	0
THRA28	198.948	-308.75	-101.498	-566.371	-23.7452	805.984	-713.785	62.3314	287.531	762.825	0	0	1.12406	23.0303	246.182	-10.4453	0	-20.4189	-1.35693	0	2.49322	0
ILEA29	198.921	-308.752	-101.498	-566.384	-23.7452	805.988	-713.809	62.3319	287.538	762.825	0	0	1.12406	23.0301	246.187	-10.4453	0	-20.4189	-1.35693	0	2.49322	0
THRA30	198.903	-308.752	-101.498	-566.372	-23.7452	805.965	-713.809	62.3334	287.54	762.825	0	0	1.12406	23.0196	246.188	-10.4453	0	-20.4189	-1.35693	0	2.49322	0
ASNA31	198.779	-308.802	-101.551	-566.319	-23.7452	805.906	-713.743	62.3322	287.514	762.825	0	0	1.12406	22.9674	246.186	-10.4453	0	-20.4189	-1.35693	0	2.49322	0
ASPA32	198.779	-308.802	-101.551	-566.319	-23.7452	805.906	-713.743	62.3322	287.514	762.825	0	0	1.12406	22.9674	246.186	-10.4453	0	-20.4189	-1.35693	0	2.49322	0
GLNA33	198.746	-308.673	-101.419	-566.337	-23.7452	805.9	-713.767	62.1972	287.402	762.825	0	0	1.12406	22.9674	246.184	-10.4453	0	-20.4189	-1.35693	0	2.49322	0
GLUA35	198.686	-308.672	-101.453	-566.327	-23.7472	805.855	-713.767	62.1972	287.415	762.822	0	0	1.12406	22.9674	246.184	-10.4453	0	-20.4189	-1.35722	0	2.49322	0
THRA37	198.685	-308.672	-101.453	-566.325	-23.7472	805.85	-713.765	62.1975	287.415	762.822	0	0	1.12406	22.9674	246.184	-10.4453	0	-20.4189	-1.35722	0	2.49321	0
ASNA38	198.654	-308.671	-101.453	-566.327	-23.7472	805.83	-713.782	62.1963	287.422	762.823	0	0	1.12406	22.968	246.182	-10.4453	0	-20.4189	-1.35722	0	2.49321	0
THRA40	198.64	-308.671	-101.453	-566.33	-23.7472	805.833	-713.787	62.1971	287.424	762.823	0	0	1.12406	22.9557	246.182	-10.4453	0	-20.4189	-1.35722	0	2.49321	0
GLUA41	198.136	-308.705	-101.517	-566.328	-23.7388	805.845	-713.784	61.7717	287.42	762.822	0	0	1.12406	22.955	246.182	-10.4453	0	-20.4189	-1.35754	0	2.49321	0
GLNA44	197.991	-308.779	-101.573	-566.328	-23.7361	805.82	-713.786	61.7742	287.42	762.828	0	0	1.12406	22.9553	246.184	-10.4453	0	-20.4189	-1.35754	0	2.49321	0
SERA45	197.972	-308.779	-101.573	-566.323	-23.7361	805.8	-713.785	61.7742	287.416	762.828	0	0	1.12406	22.9552	246.184	-10.4453	0	-20.4189	-1.35754	0	2.49321	0
SERA46	197.957	-308.779	-101.573	-566.335	-23.7361	805.823	-713.791	61.7742	287.428	762.828	0	0	1.12406	22.9228	246.185	-10.4453	0	-20.4189	-1.35754	0	2.49321	0
SERA47	197.779	-308.875	-101.67	-566.335	-23.7361	805.823	-713.791	61.7755	287.428	762.828	0	0	1.12406	22.9355	246.186	-10.4453	0	-20.4189	-1.35754	0	2.49321	0
THRA48	197.599	-308.893	-101.689	-566.33	-23.7361	805.821	-713.782	61.7098	287.427	762.828	0	0	1.12406	22.8476	246.184	-10.4453	0	-20.4189	-1.35754	0	2.49321	0
LYSA50	197.474	-308.893	-101.689	-566.302	-23.7369	805.673	-713.753	61.7099	287.404	762.818	0	0	1.12406	22.8476	246.185	-10.4453	0	-20.4189	-1.35754	0	2.49321	0
ASNA53	197.405	-308.892	-101.689	-566.282	-23.7369	805.622	-713.733	61.674	287.383	762.813	0	0	1.12406	22.8496	246.186	-10.4453	0	-20.4189	-1.35754	0	2.49321	0
ASNA54	197.359	-308.892	-101.689	-566.286	-23.7369	805.627	-713.738	61.6279	287.386	762.814	0	0	1.12406	22.8498	246.186	-10.4453	0	-20.4189	-1.35754	0	2.49321	0
PROA55	197.355	-308.892	-101.689	-566.285	-23.737	805.623	-713.738	61.6274	287.388	762.813	0	0	1.12406	22.8499	246.186	-10.4453	0	-20.4189	-1.35754	0	2.49303	0
H2SA56	197.277	-308.921	-101.715	-566.274	-23.7384	805.593	-713.734	61.6267	287.389	762.808	0	0	1.12406	22.8499	246.186	-10.4453	0	-20.4189	-1.35754	0	2.49026	0
ARGA57	196.412	-309.332	-101.944	-566.196	-23.7025	805.25	-713.684	61.3769	287.597	762.803	0	0	1.12406	22.8491	246.185	-10.4445	0	-20.4189	-1.35754	0	2.49026	0
ASPA60	194.928	-309.33	-102.556	-566.191	-23.727	804.957	-713.682	60.8673	287.596	762.803	0	0	1.12406	22.796	246.169	-10.4443	0	-20.4189	-1.35754	0	2.49026	0
ILEA62	194.884	-309.33	-102.556	-566.192	-23.7267	804.96	-713.683	60.8582	287.598	762.803	0	0	1.12406	22.7581	246.17	-10.4443	0	-20.4189	-1.35754	0	2.49026	0
ASNA63	194.853	-309.33	-102.556	-566.181	-23.7267	804.924	-713.681	60.8585	287.592	762.803	0	0	1.12406	22.7566	246.155	-10.4443	0	-20.4189	-1.35754	0	2.49026	0
THRA65	194.818	-309.33	-102.556	-566.172	-23.7281	804.912	-713.663	60.8369	287.592	762.803	0	0	1.12406	22.7287	246.155	-10.4443	0	-20.4189	-1.35754	0	2.49026	0
ASPA68	194.329	-309.33	-102.974	-566.163	-23.7517	804.882	-713.658	60.8372	287.595	762.802	0	0	1.12406	22.7058	246.154	-10.456	0	-20.4189	-1.35724	0	2.49026	0
ASPA73	194.214	-309.341	-102.989	-566.162	-23.746	804.846	-713.665	60.785	287.595	762.802	0	0	1.12406	22.7058	246.153	-10.4562	0	-20.4189	-1.35724	0	2.49026	0
HISA75	194.151	-309.322	-102.976	-566.172	-23.755	804.79	-713.673	60.7695	287.597	762.806	0	0	1.12406	22.7052	246.153	-10.4562	0	-20.4189	-1.35724	0	2.49026	0
ASPA77	194.111	-309.321	-102.967	-566.162	-23.7296	804.72	-713.677	60.7609	287.599	762.8	0	0	1.12406	22.7047	246.147	-10.4552	0	-20.4189	-1.35724	0	2.49026	0
GLNA80	194.061	-309.321	-102.967	-566.121	-23.697	804.611	-713.663	60.755	287.577	762.8	0	0	1.12406	22.7038	246.146	-10.4552	0	-20.4189	-1.35724	0	2.49026	0
ASNA81	194.039	-309.324	-102.969	-566.121	-23.6971	804.612	-713.664	60.7422	287.577	762.8	0	0	1.12406	22.6996	246.146	-10.4552	0	-20.4189	-1.35724	0	2.49026	0
GLUA82	193.977	-309.349	-102.995	-566.125	-23.7251	804.63	-713.661	60.7431	287.588	762.8	0	0	1.12406	22.6881	246.144	-10.4549	0	-20.4189	-1.35724	0	2.49026	0
THRA83	193.928	-309.35	-102.995	-566.148	-23.7248	804.629	-713.715	60.7597	287.599	762.8	0	0	1.12406	22.6887	246.144	-10.4549	0	-20.4189	-1.35724	0	2.49026	0
TRPA84	193.806	-309.353	-102.995	-566.174	-23.7254	804.623	-713.78	60.7381	287.597	762.802	0	0	1.12406	22.6889	246.154	-10.4549	0	-20.4189	-1.35724	0	2.49026	0
ASPA85	193.631	-309.358	-103	-566.173	-23.7281	804.621	-713.78	60.576	287.598	762.802	0	0	1.12406	22.6898	246.154	-10.4548	0	-20.4189	-1.35717	0	2.49026	0
GLUA89	193.562	-309.429	-103.038	-566.184	-23.739	804.671	-713.781	60.5761	287.596	762.814	0	0	1.12406	22.6898	246.154	-10.4531	0	-20.4189	-1.35683	0	2.49026	0
ARGA90	191.502	-310.088	-103.706	-566.199	-23.7619	804.499	-713.796	59.7994	287.595	763.081	0	0	1.12406	22.6934	246.154	-10.4527	0	-20.4189	-1.35707	0	2.49026	0
SERA91	191.5	-310.088	-103.706	-566.198	-23.7618	804.496	-713.796	59.7989	287.595	763.082	0	0	1.12406	22.6934	246.154	-10.4527	0	-20.4189	-1.35707	0	2.49026	0
LYSA92	191.398	-310.088	-103.706	-566.177	-23.7628	804.395	-713.788	59.798	287.569	763.081	0	0	1.12406	22.6912	246.15	-10.4527	0	-20.4189	-1.35707	0	2.49026	0
PHEA94	191.289	-310.088	-103.706	-566.195	-23.7841	804.361	-713.822	59.7991	287.571	763.094	0	0	1.12406	22.6729	246.169	-10.4527	0	-20.4189	-1.35707	0	2.49026	0
SERA95	191.203	-310.088	-103.823	-566.206	-23.7842	804.4	-713.823	59.8032	287.571	763.094	0	0	1.12406	22.6729	246.185	-10.4527	0	-20.4189	-1.35707	0	2.49026	0
ASNA96	191.203	-310.088	-103.823	-566.206	-23.7842	804.4	-713.823	59.8032	287.571	763.094	0	0	1.12406	22.6729	246.185	-10.4527	0	-20.4189	-1.35707	0	2.49026	0
CYSA97	190.953	-310.088	-103.823	-566.206	-23.7842	804.399	-713.822	59.3812	287.571	763.093	0	0	1.12406	22.673	246.186	-10.4527	0	-20.2453	-1.35707	0	2.49026	0
TYRA100	190.858	-310.088	-103.815	-566.224	-23.794	804.369	-713.866	59.3812	287.571	763.092	0	0	1.12406	22.673	246.182	-10.4527	0	-20.2453	-1.35707	0	2.49026	0
ASPA101	190.767	-310.088	-103.9	-566.234	-23.8065	804.395	-713.882	59.3875	287.573	763.09	0	0	1.12406	22.673	246.182	-10.4518	0	-20.2453	-1.35759	0	2.49032	0
PROA103	190.759	-310.088	-103.9	-566.237	-23.8063	804.394	-713.888	59.3875	287.573	763.09	0	0	1.12406	22.673	246.183	-10.4518	0	-20.2453	-1.35759	0	2.49032	0
ASPA104	190.571	-310.087	-103.9	-566.226	-23.8063	804.329	-713.881	59.2226	287.572	763.09	0	0	1.12406	22.657	246.178	-10.4124	0	-20.2453	-1.35581	0	2.49032	0
TYRA105	190.514	-310.086	-103.9	-566.235	-23.8054	804.336	-713.895	59.2223	287.577	763.091	0	0	1.12406	22.6082	246.176	-10.4128	0	-20.2453	-1.35581	0	2.49032	0
SERA107	190.196	-310.086	-103.9	-566.233	-23.8055	804.328	-713.894	58.9101	287.576	763.091	0	0	1.12406	22.6082	246.175	-10.4128	0	-20.2453	-1.35581	0	2.49032	0
ARGA109	189.597	-310.087	-104.305	-566.233	-23.8302	804.239	-713.887	58.6261	287.77	763.094	0	0	1.12406	22.6092	246.176	-10.4153	0	-20.2453	-1.35346	0	2.49032	0
SERA110	189.391	-310.087	-104.512	-566.232	-23.8302	804.239	-713.886	58.6261	287.77	763.094	0	0	1.12406	22.6091	246.175	-10.4153	0	-20.2453	-1.35346	0	2.49061	0
SERA114	189.325	-310.087	-104.512	-566.233	-23.8303	804.241	-713.887	58.6261	287.771	763.094	0	0	1.12406	22.5419	246.175	-10.4153	0	-20.2453	-1.35346	0	2.49087	0
SERA115	189.237	-310.142	-104.566	-566.232	-23.8303	804.241	-713.886	58.6261	287.77	763.095	0	0	1.12406	22.5619	246.176	-10.4153	0	-20.2453	-1.35346	0	2.49087	0
GLUA119	189.198	-310.141	-104.549	-566.214	-23.8169	804.186	-713.865	58.5863	287.754	763.095	0	0	1.12406	22.5624	246.176	-10.4154	0	-20.2453	-1.35346	0	2.49087	0
ILEA121	189.096	-310.141	-104.549	-566.217	-23.8161	804.184	-713.875	58.5858	287.76	763.094	0	0	1.12406	22.4701	246.176	-10.4154	0	-20.2453	-1.35346	0	2.49087	0
ASNA122	189.092	-310.141	-104.549	-566.22	-23.8161	804.185	-713.883	58.5858	287.761	763.099	0	0	1.12406	22.4701	246.176	-10.4154	0	-20.2453	-1.35346	0	2.49087	0
GLUA123	188.849	-310.141	-104.876	-566.226	-23.8636	804.208	-713.888	58.6945	287.758	763.095	0	0	1.12406	22.4701	246.178	-10.398	0	-20.2453	-1.35346	0	2.49087	0
THRA126	188.848	-310.141	-104.876	-566.225	-23.8636	804.206	-713.887	58.6945	287.758	763.094	0	0	1.12406	22.4701	246.178	-10.398	0	-20.2453	-1.35346	0	2.49087	0
THRA128	188.847	-310.141	-104.876	-566.226	-23.8636	804.206	-713.887	58.6945	287.758	763.094	0	0	1.12406	22.4701	246.178	-10.398	0	-20.2453	-1.35346	0	2.49087	0
THRA131	188.805	-310.141	-104.876	-566.225	-23.8636	804.192	-713.892	58.6874	287.757	763.095	0	0	1.12406	22.4528	246.177	-10.398	0	-20.2453	-1.35346	0	2.49087	0
GLNA132	188.705	-310.141	-105.114	-566.254	-23.8636	804.239	-713.915	58.6877	287.893	763.102	0	0	1.12406	22.4528	246.178	-10.398	0	-20.2453	-1.35346	0	2.49087	0
ASNA133	188.64	-310.141	-105.183	-566.254	-23.8637	804.239	-713.917	58.6585	287.927	763.102	0	0	1.12406	22.4527	246.178	-10.398	0	-20.2453	-1.35346	0	2.49087	0
SERA136	188.55	-310.2	-105.242	-566.255	-23.8637	804.244	-713.917	58.6612	287.927	763.103	0	0	1.12406	22.4743	246.18	-10.398	0	-20.2453	-1.35346	0	2.49087	0
ASNA137	188.538	-310.2	-105.242	-566.254	-23.8636	804.239	-713.915	58.6523	287.925	763.103	0	0	1.12406	22.4743	246.181	-10.398	0	-20.2453	-1.35346	0	2.49087	0
LYSA140	188.471	-310.2	-105.242	-566.237	-23.8613	804.191	-713.901	58.644	287.912	763.1	0	0	1.12406	22.447	246.175	-10.398	0	-20.2453	-1.35346	0	2.49087	0
ARGA141	187.374	-310.537	-105.804	-566.301	-23.8009	804.336	-713.926	58.317	287.912	763.107	0	0	1.12406	22.4528	246.203	-10.3986	0	-20.2453	-1.35346	0	2.49087	0
PROA143	187.358	-310.537	-105.804	-566.313	-23.8009	804.341	-713.952	58.3194	287.918	763.116	0	0	1.12406	22.4532	246.203	-10.3986	0	-20.2453	-1.35346	0	2.49087	0
ASPA144	187.184	-310.537	-105.804	-566.298	-23.8012	804.296	-713.938	58.3194	287.909	763.109	0	0	1.12406	22.3111	246.203	-10.3986	0	-20.2453	-1.35346	0	2.49087	0
SERA145	187.083	-310.537	-105.804	-566.296	-23.8012	804.291	-713.937	58.3195	287.909	763.108	0	0	1.12406	22.2147	246.203	-10.3986	0	-20.2453	-1.35346	0	2.49087	0
PHEA147	186.997	-310.561	-105.804	-566.299	-23.7919	804.328	-713.936	58.2181	287.909	763.103	0	0	1.12406	22.2144	246.207	-10.3986	0	-20.2453	-1.35346	0	2.49087	0
SERA149	186.996	-310.56	-105.804	-566.299	-23.7913	804.326	-713.937	58.2167	287.91	763.103	0	0	1.12406	22.2145	246.207	-10.3986	0	-20.2453	-1.35346	0	2.49087	0
ARGA150	186.909	-310.542	-105.804	-566.291	-23.8458	804.308	-713.93	58.1938	287.929	763.103	0	0	1.12406	22.1884	246.22	-10.4164	0	-20.2453	-1.35346	0	2.49087	0
ASNA152	186.861	-310.542	-105.897	-566.291	-23.846	804.308	-713.931	58.1939	287.974	763.103	0	0	1.12406	22.1905	246.22	-10.4164	0	-20.2453	-1.35346	0	2.49087	0
TRPA153	186.568	-310.541	-105.968	-566.322	-23.8461	804.308	-713.982	58.1976	287.971	763.094	0	0	1.12406	22.0539	246.219	-10.4164	0	-20.2453	-1.35346	0	2.49301	0
TYRA155	186.451	-310.555	-105.968	-566.377	-23.8461	804.357	-714.053	58.1787	287.968	763.107	0	0	1.12406	22.0361	246.217	-10.4164	0	-20.2453	-1.35346	0	2.49301	0
LYSA156	186.367	-310.585	-105.998	-566.398	-23.8461	804.358	-714.099	58.166	288.018	763.114	0	0	1.12406	22.0361	246.216	-10.4164	0	-20.2453	-1.35346	0	2.49301	0
SERA157	186.364	-310.585	-105.998	-566.397	-23.8461	804.355	-714.099	58.1654	288.017	763.114	0	0	1.12406	22.036	246.216	-10.4164	0	-20.2453	-1.35346	0	2.49301	0
SERA159	186.364	-310.585	-105.998	-566.397	-23.8461	804.354	-714.099	58.1654	288.017	763.114	0	0	1.12406	22.036	246.216	-10.4164	0	-20.2453	-1.35346	0	2.49301	0
PROA162	186.349	-310.585	-105.998	-566.389	-23.8461	804.334	-714.096	58.1654	288.017	763.109	0	0	1.12406	22.0361	246.197	-10.4164	0	-20.2453	-1.35346	0	2.49301	0
VALA163	186.307	-310.586	-105.998	-566.391	-23.8461	804.337	-714.097	58.1657	288.018	763.108	0	0	1.12406	21.9951	246.198	-10.4164	0	-20.2453	-1.35346	0	2.49301	0
ASNA165	186.306	-310.586	-105.998	-566.39	-23.8461	804.332	-714.096	58.1656	288.018	763.108	0	0	1.12406	21.9967	246.198	-10.4164	0	-20.2453	-1.35346	0	2.49301	0
VALA166	186.273	-310.585	-105.998	-566.4	-23.8461	804.373	-714.091	58.1648	288.018	763.109	0	0	1.12406	21.9267	246.198	-10.4164	0	-20.2453	-1.35346	0	2.49301	0
THRA167	186.238	-310.587	-106	-566.41	-23.8461	804.374	-714.113	58.1648	288.018	763.109	0	0	1.12406	21.9267	246.198	-10.4164	0	-20.2453	-1.35346	0	2.49301	0
PROA169	186.234	-310.587	-106	-566.411	-23.8461	804.375	-714.117	58.1648	288.018	763.109	0	0	1.12406	21.9267	246.197	-10.4164	0	-20.2453	-1.35346	0	2.49301	0
ASNA171	186.219	-310.586	-106	-566.404	-23.8461	804.362	-714.111	58.1648	288.014	763.108	0	0	1.12406	21.9156	246.196	-10.4164	0	-20.2453	-1.35346	0	2.49301	0
ASPA172	186.196	-310.586	-106	-566.42	-23.8584	804.388	-714.136	58.1648	288.019	763.108	0	0	1.12406	21.9156	246.197	-10.4164	0	-20.2453	-1.35346	0	2.49301	0
ASNA173	186.183	-310.586	-106	-566.422	-23.8584	804.386	-714.144	58.1648	288.019	763.107	0	0	1.12406	21.9156	246.195	-10.4164	0	-20.2453	-1.35346	0	2.49301	0
PHEA174	186.138	-310.586	-106	-566.438	-23.8451	804.383	-714.177	58.1517	288.025	763.105	0	0	1.12406	21.9172	246.192	-10.4164	0	-20.2453	-1.35346	0	2.49301	0
ASPA175	186.127	-310.586	-105.979	-566.429	-23.8514	804.362	-714.165	58.1517	288.011	763.105	0	0	1.12406	21.9095	246.193	-10.416	0	-20.2453	-1.35681	0	2.49301	0
LYSA176	185.988	-310.636	-105.985	-566.43	-23.8452	804.363	-714.166	58.063	288.011	763.105	0	0	1.12406	21.9095	246.193	-10.416	0	-20.2453	-1.35681	0	2.49301	0
TRPA180	185.844	-310.634	-105.985	-566.403	-23.8452	804.288	-714.146	58.0191	288.02	763.104	0	0	1.12406	21.8273	246.193	-10.416	0	-20.2453	-1.35681	0	2.49301	0
H2SA184	185.429	-310.6	-105.96	-566.389	-23.8455	804.253	-714.146	57.5943	288.01	763.092	0	0	1.12406	21.8253	246.193	-10.416	0	-20.2453	-1.35681	0	2.48839	0
SERA186	185.273	-310.6	-105.989	-566.388	-23.8455	804.251	-714.146	57.5943	288.01	763.092	0	0	1.12406	21.7013	246.193	-10.416	0	-20.2453	-1.35681	0	2.48839	0
THRA187	185.243	-310.59	-105.965	-566.373	-23.8454	804.222	-714.131	57.5686	287.998	763.092	0	0	1.12406	21.6737	246.191	-10.416	0	-20.2453	-1.35681	0	2.48839	0
ASPA188	185.233	-310.59	-105.965	-566.372	-23.8454	804.21	-714.13	57.5686	287.996	763.092	0	0	1.12406	21.6738	246.193	-10.416	0	-20.2453	-1.35681	0	2.48839	0
GLNA189	185.178	-310.59	-106.109	-566.373	-23.8454	804.224	-714.123	57.5466	288.069	763.092	0	0	1.12406	21.693	246.189	-10.416	0	-20.2453	-1.35681	0	2.48839	0
GLUA190	185.118	-310.602	-106.12	-566.382	-23.8447	804.224	-714.14	57.5466	288.069	763.092	0	0	1.12406	21.6821	246.189	-10.416	0	-20.2453	-1.35681	0	2.48911	0
GLNA191	184.391	-310.602	-106.139	-566.379	-23.8447	804.211	-714.137	56.8322	288.079	763.086	0	0	1.12406	21.6892	246.188	-10.416	0	-20.2453	-1.35681	0	2.48911	0
THRA192	184.157	-310.779	-106.354	-566.394	-23.8447	804.213	-714.167	56.8322	288.3	763.096	0	0	1.12406	21.6596	246.188	-10.416	0	-20.2453	-1.35681	0	2.48911	0
ASNA193	184.129	-310.779	-106.354	-566.407	-23.8446	804.213	-714.197	56.8322	288.309	763.101	0	0	1.12406	21.6604	246.19	-10.416	0	-20.2453	-1.35681	0	2.48911	0
VALA196	184.062	-310.779	-106.354	-566.428	-23.8446	804.212	-714.247	56.8322	288.317	763.114	0	0	1.12406	21.644	246.19	-10.416	0	-20.2453	-1.35681	0	2.48911	0
GLNA197	184.019	-310.824	-106.398	-566.423	-23.8446	804.204	-714.24	56.8321	288.36	763.113	0	0	1.12406	21.6441	246.186	-10.416	0	-20.2453	-1.35681	0	2.48911	0
SERA199	184.014	-310.824	-106.398	-566.435	-23.8446	804.217	-714.259	56.8322	288.372	763.113	0	0	1.12406	21.6442	246.186	-10.416	0	-20.2453	-1.35681	0	2.48911	0
ARGA201	183.943	-310.824	-106.398	-566.451	-23.8446	804.184	-714.29	56.8323	288.388	763.114	0	0	1.12406	21.6368	246.186	-10.416	0	-20.2453	-1.35681	0	2.48911	0
THRA203	183.885	-310.823	-106.424	-566.462	-23.8446	804.204	-714.294	56.8323	288.407	763.114	0	0	1.12406	21.5804	246.186	-10.416	0	-20.2453	-1.35681	0	2.48911	0
SERA205	183.884	-310.824	-106.424	-566.463	-23.8446	804.205	-714.294	56.8323	288.407	763.114	0	0	1.12406	21.5805	246.186	-10.416	0	-20.2453	-1.35681	0	2.48911	0
THRA206	183.879	-310.824	-106.424	-566.463	-23.8449	804.2	-714.298	56.8381	288.407	763.113	0	0	1.12406	21.5805	246.186	-10.416	0	-20.2453	-1.35681	0	2.48911	0
LYSA207	183.814	-310.897	-106.497	-566.487	-23.8623	804.254	-714.328	56.8424	288.501	763.113	0	0	1.12406	21.5805	246.19	-10.416	0	-20.2453	-1.35681	0	2.48911	0
ARGA208	183.791	-310.897	-106.497	-566.48	-23.8541	804.217	-714.326	56.8423	288.5	763.113	0	0	1.12406	21.5777	246.19	-10.416	0	-20.2453	-1.35681	0	2.48911	0
SERA209	183.79	-310.897	-106.497	-566.479	-23.8541	804.216	-714.325	56.8423	288.5	763.113	0	0	1.12406	21.5777	246.19	-10.416	0	-20.2453	-1.35681	0	2.48911	0
GLNA210	183.76	-310.897	-106.497	-566.49	-23.8541	804.211	-714.351	56.8423	288.513	763.113	0	0	1.12406	21.5764	246.189	-10.416	0	-20.2453	-1.35681	0	2.48911	0
GLNA211	183.711	-310.905	-106.503	-566.486	-23.8541	804.189	-714.37	56.8435	288.512	763.113	0	0	1.12406	21.5765	246.189	-10.416	0	-20.2453	-1.35681	0	2.48911	0
THRA212	183.628	-310.905	-106.558	-566.483	-23.8541	804.191	-714.363	56.8456	288.536	763.113	0	0	1.12406	21.5103	246.189	-10.416	0	-20.2453	-1.35681	0	2.48911	0
ILEA214	183.626	-310.905	-106.558	-566.486	-23.8541	804.196	-714.368	56.8456	288.538	763.113	0	0	1.12406	21.5104	246.189	-10.416	0	-20.2453	-1.35681	0	2.48911	0
ASNA216	183.355	-310.905	-106.558	-566.481	-23.854	804.189	-714.365	56.6292	288.535	763.113	0	0	1.12406	21.4578	246.189	-10.416	0	-20.2453	-1.35681	0	2.48894	0
SERA219	183.353	-310.905	-106.558	-566.48	-23.854	804.186	-714.364	56.6292	288.534	763.113	0	0	1.12406	21.4578	246.189	-10.416	0	-20.2453	-1.35681	0	2.48894	0
ARGA220	179.283	-312.239	-107.843	-566.413	-23.8465	803.664	-714.315	55.1642	288.975	763.089	0	0	1.12406	21.4518	246.188	-10.416	0	-20.2453	-1.35681	0	2.48925	0
PROA221	179.269	-312.239	-107.843	-566.397	-23.8465	803.662	-714.282	55.1177	288.961	763.09	0	0	1.12406	21.4518	246.188	-10.416	0	-20.2453	-1.35681	0	2.48925	0
TRPA222	179.041	-312.238	-107.843	-566.332	-23.8465	803.598	-714.183	54.8398	288.93	763.07	0	0	1.12406	21.4506	246.175	-10.416	0	-20.2453	-1.35681	0	2.48925	0
VALA223	178.979	-312.238	-107.843	-566.355	-23.8464	803.6	-714.234	54.8398	288.947	763.07	0	0	1.12406	21.4446	246.175	-10.416	0	-20.2453	-1.35681	0	2.48925	0
ARGA224	178.571	-312.461	-108.044	-566.423	-23.8239	803.705	-714.293	54.8398	288.956	763.075	0	0	1.12406	21.444	246.19	-10.4166	0	-20.2453	-1.35355	0	2.48925	0
SERA227	178.508	-312.494	-108.076	-566.425	-23.8239	803.708	-714.294	54.8398	288.956	763.075	0	0	1.12406	21.444	246.19	-10.4166	0	-20.2453	-1.35355	0	2.48925	0
SERA228	178.495	-312.504	-108.082	-566.425	-23.8239	803.711	-714.293	54.8398	288.956	763.075	0	0	1.12406	21.4439	246.189	-10.4166	0	-20.2453	-1.35355	0	2.48925	0
ARGA229	178.324	-312.586	-108.163	-566.427	-23.8103	803.691	-714.299	54.8397	288.955	763.076	0	0	1.12406	21.4458	246.191	-10.4166	0	-20.2453	-1.35014	0	2.48925	0
SERA231	178.311	-312.586	-108.221	-566.433	-23.8104	803.699	-714.299	54.8811	288.955	763.078	0	0	1.12406	21.4458	246.191	-10.4166	0	-20.2453	-1.35014	0	2.48916	0
TYRA233	178.209	-312.586	-108.221	-566.474	-23.8104	803.706	-714.369	54.8838	288.955	763.078	0	0	1.12406	21.4461	246.191	-10.4166	0	-20.2453	-1.35014	0	2.48933	0
THRA235	178.202	-312.586	-108.221	-566.475	-23.8104	803.704	-714.373	54.8826	288.955	763.078	0	0	1.12406	21.4461	246.191	-10.4166	0	-20.2453	-1.35014	0	2.48933	0
LYSA238	178.055	-312.586	-108.144	-566.432	-23.8084	803.478	-714.331	54.8826	288.876	763.078	0	0	1.12406	21.4413	246.191	-10.4163	0	-20.2453	-1.35014	0	2.48933	0
ASPA241	177.92	-312.651	-108.204	-566.426	-23.8217	803.48	-714.319	54.8577	288.881	763.078	0	0	1.12406	21.4432	246.191	-10.4163	0	-20.2453	-1.35014	0	2.48933	0
VALA244	177.892	-312.652	-108.204	-566.434	-23.8217	803.477	-714.338	54.8577	288.885	763.072	0	0	1.12406	21.4479	246.191	-10.4163	0	-20.2453	-1.35014	0	2.48933	0
ASNA246	177.873	-312.651	-108.204	-566.428	-23.8217	803.453	-714.346	54.8577	288.883	763.08	0	0	1.12406	21.4478	246.19	-10.4163	0	-20.2453	-1.35014	0	2.48933	0
SERA247	177.164	-312.685	-108.24	-566.43	-23.8217	803.452	-714.352	54.2508	288.883	763.084	0	0	1.12406	21.4214	246.19	-10.4163	0	-20.2453	-1.35014	0	2.48933	0
ASNA248	177.154	-312.685	-108.24	-566.42	-23.8217	803.434	-714.342	54.2508	288.877	763.081	0	0	1.12406	21.419	246.19	-10.4163	0	-20.2453	-1.35014	0	2.48933	0
ASNA250	176.601	-312.723	-108.272	-566.423	-23.8217	803.427	-714.348	53.8341	288.873	763.079	0	0	1.12406	21.3746	246.188	-10.4163	0	-20.2453	-1.35014	0	2.48933	0
ARGA255	175.873	-312.723	-109.131	-566.472	-23.8281	803.527	-714.374	53.7542	289.071	763.072	0	0	1.12406	21.3783	246.216	-10.4187	0	-20.2453	-1.35014	0	2.48933	0
TYRA257	175.757	-312.723	-109.131	-566.442	-23.8467	803.508	-714.34	53.7806	289.061	763.073	0	0	1.12406	21.2184	246.216	-10.4187	0	-20.2453	-1.35014	0	2.48933	0
LYSA259	175.737	-312.723	-109.131	-566.437	-23.852	803.494	-714.339	53.78	289.056	763.073	0	0	1.12406	21.2183	246.216	-10.4186	0	-20.2453	-1.35014	0	2.48933	0
ARGA261	175.005	-312.722	-109.151	-566.337	-23.7992	803.317	-714.264	53.0979	288.973	763.06	0	0	1.12406	21.2132	246.194	-10.4007	0	-20.2453	-1.35014	0	2.48933	0
THRA262	175.003	-312.722	-109.151	-566.336	-23.7992	803.315	-714.263	53.0979	288.973	763.06	0	0	1.12406	21.2128	246.194	-10.4007	0	-20.2453	-1.35014	0	2.48933	0
LYSA264	174.431	-312.724	-109.85	-566.448	-23.8911	803.302	-714.424	53.1073	289.453	763.076	0	0	1.12406	21.2128	246.194	-10.4012	0	-20.2453	-1.35038	0	2.4898	0
SERA265	174.424	-312.724	-109.85	-566.448	-23.891	803.297	-714.425	53.1044	289.453	763.077	0	0	1.12406	21.2129	246.195	-10.4012	0	-20.2453	-1.35038	0	2.4898	0
SERA266	174.128	-312.724	-110.144	-566.447	-23.8909	803.295	-714.424	53.1039	289.453	763.077	0	0	1.12406	21.2129	246.195	-10.4012	0	-20.2453	-1.35038	0	2.48947	0
ARGA269	173.441	-312.725	-110.144	-566.431	-25.2662	803.282	-714.426	53.1039	290.14	763.096	0	0	1.12406	21.2118	246.197	-10.4046	0	-20.2453	-1.36424	0	2.48947	0
SERA270	173.075	-312.723	-110.142	-566.431	-25.266	803.281	-714.426	52.7473	290.14	763.096	0	0	1.12406	21.1991	246.197	-10.4046	0	-20.2453	-1.36424	0	2.48947	0
ASPA271	172.987	-312.77	-110.189	-566.429	-25.2586	803.276	-714.425	52.747	290.14	763.096	0	0	1.12406	21.1989	246.197	-10.4046	0	-20.2453	-1.36298	0	2.48947	0
PROA273	172.982	-312.77	-110.188	-566.433	-25.2585	803.279	-714.433	52.747	290.144	763.096	0	0	1.12406	21.1989	246.198	-10.4046	0	-20.2453	-1.36298	0	2.48947	0
THRA276	172.982	-312.77	-110.188	-566.433	-25.2585	803.279	-714.433	52.747	290.143	763.096	0	0	1.12406	21.1989	246.198	-10.4046	0	-20.2453	-1.36298	0	2.48947	0
ILEA278	172.954	-312.77	-110.188	-566.426	-25.2585	803.278	-714.417	52.747	290.14	763.097	0	0	1.12406	21.1507	246.198	-10.4046	0	-20.2453	-1.36298	0	2.48947	0
SERA279	172.937	-312.77	-110.188	-566.421	-25.2585	803.26	-714.417	52.747	290.135	763.097	0	0	1.12406	21.1507	246.198	-10.4046	0	-20.2453	-1.36298	0	2.48947	0
GLUA280	172.83	-312.77	-110.188	-566.392	-25.2838	803.152	-714.39	52.7482	290.106	763.097	0	0	1.12406	21.1561	246.198	-10.4046	0	-20.2453	-1.36838	0	2.48918	0
ASNA285	172.818	-312.77	-110.2	-566.393	-25.2838	803.153	-714.391	52.7482	290.106	763.097	0	0	1.12406	21.1561	246.198	-10.4046	0	-20.2453	-1.36838	0	2.48918	0
SERA287	172.815	-312.772	-110.202	-566.393	-25.2838	803.153	-714.39	52.7482	290.106	763.097	0	0	1.12406	21.1561	246.198	-10.4046	0	-20.2453	-1.36838	0	2.48918	0
PROA289	172.811	-312.771	-110.202	-566.396	-25.2839	803.155	-714.396	52.7482	290.108	763.098	0	0	1.12406	21.1562	246.198	-10.4046	0	-20.2453	-1.36838	0	2.48918	0
ASNA290	172.79	-312.777	-110.207	-566.398	-25.2838	803.155	-714.396	52.7482	290.108	763.096	0	0	1.12406	21.1501	246.199	-10.4046	0	-20.2453	-1.36838	0	2.48918	0
ASPA291	172.789	-312.777	-110.219	-566.403	-25.2756	803.167	-714.401	52.7482	290.109	763.096	0	0	1.12406	21.1504	246.198	-10.4049	0	-20.2453	-1.36839	0	2.48918	0
LYSA292	172.718	-312.777	-110.31	-566.415	-25.2901	803.209	-714.404	52.7481	290.109	763.103	0	0	1.12406	21.1504	246.215	-10.405	0	-20.2453	-1.36839	0	2.48918	0
GLNA295	172.576	-312.809	-110.343	-566.403	-25.2901	803.183	-714.393	52.7351	290.101	763.105	0	0	1.12406	21.0956	246.219	-10.405	0	-20.2453	-1.36839	0	2.48918	0
ASNA296	172.436	-312.809	-110.343	-566.403	-25.2901	803.192	-714.383	52.7348	290.106	763.106	0	0	1.12406	20.93	246.22	-10.405	0	-20.2453	-1.36839	0	2.48918	0
ASNA298	172.314	-312.842	-110.443	-566.377	-25.2901	803.153	-714.356	52.7341	290.104	763.107	0	0	1.12406	20.9301	246.218	-10.405	0	-20.2453	-1.36839	0	2.48918	0
LYSA299	172.026	-312.822	-110.443	-566.304	-25.2786	802.786	-714.29	52.7342	290.032	763.086	0	0	1.12406	20.9308	246.193	-10.405	0	-20.2453	-1.36825	0	2.48918	0
THRA301	172.015	-312.822	-110.443	-566.304	-25.2788	802.784	-714.291	52.7311	290.032	763.086	0	0	1.12406	20.9255	246.193	-10.405	0	-20.2453	-1.36825	0	2.48918	0
LYSA307	171.882	-312.822	-110.652	-566.306	-25.2789	802.781	-714.29	52.7034	290.138	763.087	0	0	1.12406	20.9268	246.193	-10.4049	0	-20.2453	-1.36812	0	2.48918	0
TYRA308	171.767	-312.812	-110.652	-566.315	-25.3031	802.744	-714.336	52.6938	290.143	763.084	0	0	1.12406	20.9254	246.169	-10.4049	0	-20.2453	-1.36812	0	2.48918	0
LYSA310	171.71	-312.812	-110.516	-566.296	-25.295	802.649	-714.325	52.6938	290.007	763.084	0	0	1.12406	20.926	246.169	-10.4049	0	-20.2453	-1.37012	0	2.48918	0
GLNA311	171.683	-312.798	-110.515	-566.298	-25.295	802.635	-714.343	52.6938	290.002	763.084	0	0	1.12406	20.9242	246.167	-10.4049	0	-20.2453	-1.37012	0	2.48918	0
ASNA312	171.653	-312.798	-110.515	-566.307	-25.295	802.636	-714.363	52.6938	290.002	763.085	0	0	1.12406	20.9217	246.167	-10.4049	0	-20.2453	-1.37012	0	2.48918	0
THRA313	171.491	-312.797	-110.466	-566.308	-25.2948	802.635	-714.364	52.5217	290.002	763.086	0	0	1.12406	20.8832	246.169	-10.4049	0	-20.2453	-1.37012	0	2.48918	0
LYSA315	171.304	-312.798	-110.466	-566.304	-25.3016	802.556	-714.37	52.5217	289.997	763.073	0	0	1.12406	20.8011	246.169	-10.4049	0	-20.2453	-1.37034	0	2.48918	0
THRA318	171.278	-312.798	-110.466	-566.315	-25.3016	802.553	-714.394	52.5254	289.997	763.083	0	0	1.12406	20.8011	246.169	-10.4049	0	-20.2453	-1.37034	0	2.48918	0
ARGA321	170.936	-312.789	-110.47	-566.283	-25.2946	802.455	-714.403	52.3211	289.991	763.073	0	0	1.12406	20.7463	246.128	-10.4049	0	-20.2453	-1.37442	0	2.48918	0
VALA323	170.913	-312.79	-110.47	-566.282	-25.2948	802.427	-714.401	52.3211	289.991	763.072	0	0	1.12406	20.7499	246.127	-10.4049	0	-20.2453	-1.37442	0	2.48927	0
PROA324	170.912	-312.79	-110.47	-566.282	-25.2949	802.426	-714.4	52.3211	289.991	763.072	0	0	1.12406	20.7499	246.127	-10.4049	0	-20.2453	-1.37442	0	2.48927	0
ILEB2	170.91	-312.79	-110.47	-566.283	-25.2949	802.427	-714.403	52.3211	289.992	763.072	0	0	1.12406	20.7499	246.127	-10.4049	0	-20.2453	-1.37442	0	2.48927	0
PHEB3	170.909	-312.79	-110.47	-566.281	-25.2949	802.424	-714.401	52.3211	289.992	763.071	0	0	1.12406	20.7499	246.127	-10.4049	0	-20.2453	-1.37442	0	2.48927	0
ILEB10	170.897	-312.79	-110.47	-566.298	-25.2949	802.451	-714.435	52.3214	290.004	763.071	0	0	1.12406	20.7498	246.134	-10.4049	0	-20.2453	-1.37442	0	2.48927	0
GLUB11	170.874	-312.79	-110.47	-566.318	-25.2954	802.451	-714.478	52.3213	290.013	763.101	0	0	1.12406	20.7508	246.134	-10.4049	0	-20.2453	-1.37527	0	2.48927	0
ASNB12	170.823	-312.789	-110.47	-566.319	-25.2953	802.441	-714.478	52.2821	290.013	763.1	0	0	1.12406	20.7508	246.132	-10.4049	0	-20.2453	-1.37527	0	2.48927	0
GLUB15	170.653	-312.789	-110.47	-566.285	-25.304	802.284	-714.459	52.282	289.993	763.077	0	0	1.12406	20.742	246.131	-10.4049	0	-20.2453	-1.3805	0	2.48927	0
ILEB18	170.639	-312.789	-110.47	-566.292	-25.304	802.285	-714.475	52.282	290	763.079	0	0	1.12406	20.742	246.132	-10.4049	0	-20.2453	-1.3805	0	2.48927	0
ASPB19	170.602	-312.789	-110.47	-566.279	-25.3022	802.251	-714.464	52.282	289.989	763.075	0	0	1.12406	20.7288	246.132	-10.4057	0	-20.2453	-1.3805	0	2.48927	0
TYRB22	170.135	-312.809	-110.492	-566.263	-25.3022	802.218	-714.449	51.8568	289.99	763.075	0	0	1.12406	20.7288	246.113	-10.4057	0	-20.2453	-1.3805	0	2.48927	0
ARGB25	169.992	-312.808	-110.492	-566.132	-25.2823	801.921	-714.404	51.857	289.999	763.021	0	0	1.12406	20.7283	246.102	-10.4057	0	-20.2453	-1.37728	0	2.48927	0
H1SB26	169.952	-312.818	-110.492	-566.122	-25.2802	801.894	-714.407	51.8561	289.989	763.016	0	0	1.12406	20.7315	246.12	-10.4057	0	-20.2453	-1.37728	0	2.48813	0
GLNB27	169.083	-313.24	-110.914	-566.099	-25.2802	801.658	-714.392	51.8227	290.196	763.017	0	0	1.12406	20.7316	246.12	-10.4057	0	-20.2453	-1.37728	0	2.48813	0
ASNB28	168.574	-313.26	-110.848	-566.101	-25.2806	801.661	-714.39	51.41	290.194	763.015	0	0	1.12406	20.5876	246.119	-10.4057	0	-20.2453	-1.37728	0	2.49046	0
SERB29	168.513	-313.26	-110.848	-566.09	-25.2804	801.627	-714.389	51.4099	290.189	763.014	0	0	1.12406	20.5541	246.119	-10.4057	0	-20.2453	-1.37728	0	2.49046	0
GLUB30	168.384	-313.25	-110.839	-566.059	-25.3087	801.511	-714.373	51.3617	290.18	763.014	0	0	1.12406	20.5537	246.113	-10.3982	0	-20.2453	-1.37728	0	2.49046	0
THRB32	168.367	-313.25	-110.839	-566.068	-25.3087	801.512	-714.391	51.3617	290.189	763.013	0	0	1.12406	20.5537	246.113	-10.3982	0	-20.2453	-1.37728	0	2.49046	0
GLNB34	167.73	-313.272	-110.862	-566.061	-25.3089	801.503	-714.39	50.7568	290.193	763.022	0	0	1.12406	20.5533	246.113	-10.3982	0	-20.2453	-1.37728	0	2.49046	0
ASPB37	167.546	-313.345	-110.934	-566.065	-25.3316	801.526	-714.393	50.7765	290.197	763.022	0	0	1.12406	20.5533	246.118	-10.4513	0	-20.2453	-1.37728	0	2.49046	0
LEUB38	167.523	-313.345	-110.934	-566.078	-25.3316	801.532	-714.417	50.7765	290.206	763.022	0	0	1.12406	20.5533	246.121	-10.4513	0	-20.2453	-1.37728	0	2.49046	0
LYSB39	167.51	-313.345	-110.934	-566.086	-25.3438	801.537	-714.431	50.7771	290.216	763.022	0	0	1.12406	20.5533	246.125	-10.4472	0	-20.2453	-1.37728	0	2.49046	0
SERB40	167.508	-313.345	-110.934	-566.086	-25.344	801.535	-714.433	50.7793	290.216	763.022	0	0	1.12406	20.5533	246.126	-10.4472	0	-20.2453	-1.37728	0	2.49046	0
GLNB42	167.441	-313.346	-111.081	-566.089	-25.3439	801.546	-714.433	50.7793	290.288	763.022	0	0	1.12406	20.5533	246.126	-10.4472	0	-20.2453	-1.37728	0	2.49046	0
ASPB46	167.429	-313.345	-111.078	-566.085	-25.3449	801.521	-714.43	50.7793	290.286	763.022	0	0	1.12406	20.5575	246.125	-10.4463	0	-20.2453	-1.37728	0	2.49046	0
GLNB47	167.371	-313.344	-111.078	-566.038	-25.3441	801.435	-714.403	50.7793	290.238	763.022	0	0	1.12406	20.5574	246.119	-10.4463	0	-20.2453	-1.37728	0	2.49046	0
ASNB49	167.354	-313.342	-111.078	-566.031	-25.3441	801.411	-714.398	50.7793	290.232	763.022	0	0	1.12406	20.5573	246.119	-10.4463	0	-20.2453	-1.37728	0	2.49046	0
LYSB51	167.122	-313.311	-111.522	-566.011	-25.3334	801.406	-714.366	50.931	290.233	763.022	0	0	1.12406	20.5268	246.12	-10.446	0	-20.2453	-1.37717	0	2.49046	0
LEUB52	167.108	-313.311	-111.522	-566.014	-25.3334	801.402	-714.374	50.9316	290.232	763.022	0	0	1.12406	20.5287	246.119	-10.446	0	-20.2453	-1.37717	0	2.49046	0
ASNB53	167.091	-313.311	-111.522	-565.998	-25.3334	801.367	-714.359	50.9316	290.219	763.022	0	0	1.12406	20.5287	246.114	-10.446	0	-20.2453	-1.37717	0	2.49046	0
ARGB54	167.009	-313.315	-111.585	-566.056	-25.3782	801.446	-714.427	50.9316	290.301	763.022	0	0	1.12406	20.5291	246.124	-10.4505	0	-20.2453	-1.37714	0	2.49046	0
VALB55	166.951	-313.316	-111.585	-566.055	-25.3791	801.445	-714.424	50.9314	290.3	763.022	0	0	1.12406	20.47	246.123	-10.4505	0	-20.2453	-1.37714	0	2.49046	0
ILEB56	166.899	-313.318	-111.585	-566.085	-25.3791	801.454	-714.488	51.117	290.315	763.015	0	0	1.12406	20.3107	246.132	-10.4505	0	-20.2453	-1.37714	0	2.49046	0
GLUB57	166.847	-313.293	-111.585	-566.049	-25.3781	801.354	-714.459	51.1136	290.299	763.007	0	0	1.12406	20.3107	246.049	-10.4643	0	-20.2453	-1.37765	0	2.49046	0
LYSB58	166.819	-313.293	-111.585	-566.067	-25.3819	801.359	-714.489	51.1136	290.318	763.007	0	0	1.12406	20.3107	246.05	-10.4667	0	-20.2453	-1.37607	0	2.49046	0
THRB59	166.797	-313.284	-111.585	-566.044	-25.3819	801.297	-714.48	51.1128	290.318	763.006	0	0	1.12406	20.3112	246.05	-10.4667	0	-20.2453	-1.37607	0	2.49046	0
ASNB60	166.609	-313.284	-111.719	-566.045	-25.3819	801.305	-714.48	50.9234	290.386	763.005	0	0	1.12406	20.3739	246.05	-10.4667	0	-20.2453	-1.37607	0	2.49046	0
GLUB61	166.49	-313.284	-111.719	-566.05	-25.4074	801.224	-714.486	50.9235	290.391	763.006	0	0	1.12406	20.3706	246.05	-10.4665	0	-20.2453	-1.37915	0	2.49046	0
LYSB62	166.437	-313.284	-111.719	-566.009	-25.4062	801.143	-714.444	50.9235	290.354	762.994	0	0	1.12406	20.3646	246.05	-10.4665	0	-20.2453	-1.38125	0	2.49046	0
HISB64	166.177	-313.283	-111.978	-565.99	-25.3954	801.108	-714.43	50.9212	290.353	762.992	0	0	1.12406	20.363	246.048	-10.466	0	-20.2453	-1.38191	0	2.48551	0
GLNB65	166.084	-313.306	-112.016	-566.018	-25.3948	801.137	-714.464	50.9221	290.352	762.993	0	0	1.12406	20.363	246.048	-10.466	0	-20.2453	-1.38191	0	2.48551	0
ILEB66	166.056	-313.306	-112.016	-566.032	-25.3952	801.137	-714.496	50.9221	290.37	762.993	0	0	1.12406	20.3633	246.047	-10.466	0	-20.2453	-1.38191	0	2.48551	0
GLUB67	166.04	-313.306	-112.017	-566.027	-25.3779	801.117	-714.491	50.9221	290.35	762.988	0	0	1.12406	20.3639	246.047	-10.4658	0	-20.2453	-1.38121	0	2.48556	0
LYSB68	165.531	-313.467	-112.477	-566.061	-25.3654	801.277	-714.534	50.9209	290.36	762.997	0	0	1.12406	20.3635	246.049	-10.4658	0	-20.2453	-1.38114	0	2.48556	0
GLUB69	165.488	-313.467	-112.477	-566.045	-25.3568	801.21	-714.515	50.9209	290.343	762.985	0	0	1.12406	20.3706	246.047	-10.4658	0	-20.2453	-1.37939	0	2.48556	0
SERB71	165.488	-313.467	-112.477	-566.045	-25.3568	801.21	-714.515	50.9209	290.343	762.985	0	0	1.12406	20.3706	246.047	-10.4658	0	-20.2453	-1.37939	0	2.48556	0
GLUB72	165.432	-313.467	-112.506	-566.036	-25.3739	801.185	-714.51	50.9208	290.35	762.982	0	0	1.12406	20.3706	246.047	-10.4652	0	-20.2453	-1.3829	0	2.48556	0
VALB73	165.411	-313.467	-112.506	-566.036	-25.3739	801.184	-714.509	50.9208	290.35	762.982	0	0	1.12406	20.3501	246.047	-10.4652	0	-20.2453	-1.3829	0	2.48556	0
GLUB74	164.964	-313.467	-112.506	-566.007	-25.3858	801.093	-714.484	50.5537	290.323	762.975	0	0	1.12406	20.3498	246.047	-10.4663	0	-20.2453	-1.37916	0	2.48556	0
ARGB76	164.92	-313.467	-112.506	-566.026	-25.3953	801.096	-714.524	50.5537	290.345	762.975	0	0	1.12406	20.3498	246.05	-10.4634	0	-20.2453	-1.3827	0	2.48556	0
ILEB77	164.913	-313.468	-112.506	-566.023	-25.3951	801.082	-714.528	50.5537	290.347	762.975	0	0	1.12406	20.3567	246.049	-10.4634	0	-20.2453	-1.3827	0	2.48556	0
GLNB78	164.452	-313.468	-112.616	-566.003	-25.3967	801.044	-714.522	50.1739	290.401	762.965	0	0	1.12406	20.3566	246.053	-10.4634	0	-20.2453	-1.3827	0	2.48556	0
ASPB79	164.433	-313.468	-112.616	-565.995	-25.3986	801.002	-714.517	50.1738	290.396	762.965	0	0	1.12406	20.3559	246.05	-10.4464	0	-20.2453	-1.38274	0	2.48556	0
LEUB80	164.415	-313.471	-112.616	-566.005	-25.3986	801.007	-714.535	50.1738	290.403	762.965	0	0	1.12406	20.3562	246.056	-10.4464	0	-20.2453	-1.38274	0	2.48556	0
GLUB81	164.309	-313.468	-112.616	-565.989	-25.4164	800.914	-714.543	50.1738	290.391	762.97	0	0	1.12406	20.3497	246.022	-10.437	0	-20.2453	-1.38467	0	2.48556	0
LYSB82	164.177	-313.469	-113.021	-566.036	-25.4292	801.061	-714.59	50.1745	290.632	762.959	0	0	1.12406	20.3497	246.074	-10.4314	0	-20.2453	-1.38655	0	2.48556	0
TYRB83	164.115	-313.471	-113.021	-566.088	-25.4291	801.093	-714.675	50.1762	290.676	762.959	0	0	1.12406	20.3498	246.115	-10.4314	0	-20.2453	-1.38655	0	2.48556	0
VALB84	164.029	-313.505	-113.021	-566.11	-25.4285	801.131	-714.696	50.1763	290.685	762.959	0	0	1.12406	20.2917	246.184	-10.4314	0	-20.2453	-1.38655	0	2.48556	0
GLUB85	164.009	-313.504	-113.025	-566.106	-25.4255	801.109	-714.695	50.1763	290.684	762.959	0	0	1.12406	20.2908	246.183	-10.4314	0	-20.2453	-1.38685	0	2.48556	0
ASPB86	163.988	-313.504	-113.025	-566.089	-25.4261	801.074	-714.677	50.1759	290.665	762.959	0	0	1.12406	20.2908	246.182	-10.4314	0	-20.2453	-1.38731	0	2.48556	0
THRB87	163.988	-313.504	-113.025	-566.089	-25.4261	801.074	-714.677	50.1759	290.665	762.959	0	0	1.12406	20.2908	246.182	-10.4314	0	-20.2453	-1.38731	0	2.48556	0
LYSB88	163.902	-313.506	-113.025	-566.106	-25.4511	801.064	-714.719	50.1759	290.667	762.959	0	0	1.12406	20.2926	246.182	-10.4314	0	-20.2453	-1.38379	0	2.48556	0
ASPB90	163.86	-313.506	-113.083	-566.092	-25.4594	801.03	-714.715	50.1759	290.72	762.959	0	0	1.12406	20.281	246.152	-10.4314	0	-20.2453	-1.38357	0	2.48556	0
LEUB91	163.817	-313.506	-113.083	-566.091	-25.4594	801.007	-714.729	50.1759	290.711	762.959	0	0	1.12406	20.2816	246.156	-10.4314	0	-20.2453	-1.38357	0	2.48556	0
TRPB92	163.751	-313.507	-113.083	-566.11	-25.4594	800.991	-714.772	50.1839	290.715	762.961	0	0	1.12406	20.2816	246.12	-10.4314	0	-20.2453	-1.38357	0	2.48556	0
SERB93	163.747	-313.509	-113.085	-566.11	-25.4594	800.991	-714.773	50.185	290.715	762.961	0	0	1.12406	20.2817	246.12	-10.4314	0	-20.2453	-1.38357	0	2.48556	0
TYRB94	163.743	-313.482	-113.085	-566.091	-25.4594	800.961	-714.756	50.185	290.706	762.961	0	0	1.12406	20.2529	246.101	-10.4314	0	-20.2453	-1.38357	0	2.48556	0
ASNB95	163.674	-313.48	-113.085	-566.078	-25.4594	800.911	-714.744	50.1511	290.698	762.961	0	0	1.12406	20.2497	246.097	-10.4314	0	-20.2453	-1.38357	0	2.48556	0
GLUB97	163.565	-313.481	-113.156	-566.08	-25.4531	800.909	-714.75	50.1511	290.668	762.961	0	0	1.12406	20.2497	246.095	-10.4314	0	-20.2453	-1.38645	0	2.48556	0
LEUB98	163.542	-313.482	-113.156	-566.088	-25.4531	800.91	-714.768	50.1511	290.672	762.961	0	0	1.12406	20.2497	246.097	-10.4314	0	-20.2453	-1.38645	0	2.48556	0
LEUB99	163.514	-313.483	-113.156	-566.089	-25.4538	800.9	-714.779	50.1511	290.667	762.961	0	0	1.12406	20.2499	246.1	-10.4314	0	-20.2453	-1.38645	0	2.48556	0
LEUB102	163.473	-313.485	-113.156	-566.107	-25.4538	800.901	-714.819	50.1511	290.683	762.961	0	0	1.12406	20.2499	246.1	-10.4314	0	-20.2453	-1.38645	0	2.48556	0
GLUB103	163.39	-313.484	-113.174	-566.124	-25.4535	800.899	-714.854	50.1518	290.669	762.961	0	0	1.12406	20.2502	246.1	-10.4302	0	-20.2453	-1.3863	0	2.48556	0
GLNB105	163.021	-313.557	-113.491	-566.099	-25.4528	800.86	-714.835	50.1161	290.722	762.959	0	0	1.12406	20.2504	246.117	-10.4302	0	-20.2453	-1.3863	0	2.48556	0
H2SB106	163.004	-313.557	-113.501	-566.138	-25.4699	800.942	-714.868	50.1164	290.722	762.959	0	0	1.12406	20.2507	246.117	-10.4302	0	-20.2453	-1.3863	0	2.48556	0
THRB107	163.004	-313.557	-113.501	-566.138	-25.4699	800.942	-714.868	50.1164	290.722	762.959	0	0	1.12406	20.2507	246.117	-10.4302	0	-20.2453	-1.3863	0	2.48556	0
ASPB109	162.867	-313.561	-113.655	-566.146	-25.4707	800.966	-714.874	50.1173	290.723	762.959	0	0	1.12406	20.2608	246.122	-10.4302	0	-20.2453	-1.38628	0	2.48556	0
THRB111	162.738	-313.578	-113.667	-566.144	-25.4705	800.962	-714.871	49.9932	290.723	762.958	0	0	1.12406	20.2839	246.121	-10.4302	0	-20.2453	-1.38628	0	2.48556	0
ASPB112	162.705	-313.575	-113.676	-566.129	-25.4714	800.874	-714.857	50.0104	290.734	762.958	0	0	1.12406	20.2851	246.116	-10.4302	0	-20.2453	-1.38283	0	2.48556	0
SERB113	162.662	-313.574	-113.676	-566.126	-25.4713	800.866	-714.855	50.0104	290.731	762.958	0	0	1.12406	20.2481	246.115	-10.4302	0	-20.2453	-1.38283	0	2.48556	0
GLUB114	162.553	-313.575	-113.676	-566.113	-25.4556	800.745	-714.855	50.01	290.712	762.958	0	0	1.12406	20.2483	246.115	-10.4267	0	-20.2453	-1.38292	0	2.48556	0
METB115	162.223	-313.577	-113.676	-566.126	-25.4556	800.716	-714.902	49.7418	290.713	762.958	0	0	1.12406	20.2765	246.119	-10.4267	0	-20.2453	-1.38292	0	2.48528	0
ASNB116	162.208	-313.576	-113.676	-566.122	-25.4556	800.695	-714.899	49.7418	290.711	762.958	0	0	1.12406	20.2764	246.117	-10.4267	0	-20.2453	-1.38292	0	2.48528	0
LYSB117	162.043	-313.573	-113.676	-566.091	-25.393	800.539	-714.886	49.7418	290.622	762.958	0	0	1.12406	20.248	246.109	-10.4275	0	-20.2453	-1.38292	0	2.48528	0
GLUB120	161.434	-313.575	-113.736	-566.102	-25.3787	800.558	-714.9	49.1805	290.63	762.958	0	0	1.12406	20.248	246.116	-10.4285	0	-20.2453	-1.38309	0	2.48528	0
LYSB121	161.259	-313.574	-113.736	-566.066	-25.3762	800.357	-714.886	49.1805	290.59	762.954	0	0	1.12406	20.248	246.114	-10.4141	0	-20.2453	-1.38309	0	2.48528	0
THRB122	161.12	-313.574	-113.735	-566.066	-25.3762	800.354	-714.889	49.1805	290.589	762.954	0	0	1.12406	20.1163	246.113	-10.4141	0	-20.2453	-1.38309	0	2.48528	0
ARGB123	160.97	-313.566	-113.639	-566.003	-25.3784	800.213	-714.865	49.0665	290.497	762.954	0	0	1.12406	20.1163	246.097	-10.4062	0	-20.2453	-1.38309	0	2.48528	0
ARGB124	160.917	-313.555	-113.639	-565.947	-25.3624	800.076	-714.825	49.0666	290.455	762.954	0	0	1.12406	20.1193	246.077	-10.4068	0	-20.2453	-1.38309	0	2.48528	0
GLNB125	160.837	-313.556	-113.638	-565.935	-25.3624	800.019	-714.842	49.0666	290.455	762.936	0	0	1.12406	20.1193	246.047	-10.4068	0	-20.2453	-1.38309	0	2.48528	0
ARGB127	160.733	-313.557	-113.638	-565.918	-25.3811	799.938	-714.842	49.0635	290.445	762.936	0	0	1.12406	20.1191	246.048	-10.4134	0	-20.2453	-1.38309	0	2.48558	0
GLUB128	160.66	-313.557	-113.705	-565.905	-25.3851	799.909	-714.833	49.0592	290.456	762.936	0	0	1.12406	20.1222	246.045	-10.4177	0	-20.2453	-1.38309	0	2.48558	0
ASNB129	160.616	-313.558	-113.722	-565.924	-25.3852	799.964	-714.837	49.0378	290.457	762.937	0	0	1.12406	20.0826	246.101	-10.4177	0	-20.2453	-1.38309	0	2.48558	0
GLUB131	159.157	-313.558	-114.225	-565.933	-25.3886	799.701	-714.849	48.1078	290.717	762.941	0	0	1.12406	20.0772	246.101	-10.414	0	-20.2453	-1.38297	0	2.48558	0
ASPB132	159.098	-313.56	-114.227	-565.943	-25.4198	799.735	-714.857	48.1078	290.717	762.941	0	0	1.12406	20.0356	246.099	-10.4135	0	-20.2453	-1.38297	0	2.48558	0
ASNB135	159.069	-313.56	-114.227	-565.944	-25.4198	799.736	-714.858	48.0967	290.718	762.942	0	0	1.12406	20.0178	246.099	-10.4135	0	-20.2453	-1.38297	0	2.48558	0
LYSB139	158.986	-313.56	-114.227	-565.932	-25.4475	799.685	-714.855	48.0908	290.7	762.942	0	0	1.12406	20.0178	246.099	-10.4056	0	-20.2453	-1.38656	0	2.48558	0
H2SB142	158.351	-313.56	-114.184	-565.914	-25.4477	799.717	-714.846	47.3566	290.697	762.942	0	0	1.12406	20.0189	246.099	-10.4056	0	-20.2453	-1.38656	0	2.48558	0
LYSB143	158.317	-313.56	-114.184	-565.9	-25.435	799.669	-714.826	47.3567	290.679	762.931	0	0	1.12406	20.0186	246.099	-10.4097	0	-20.2453	-1.38639	0	2.48558	0
ASPB145	158.187	-313.572	-114.195	-565.907	-25.4516	799.695	-714.834	47.356	290.688	762.931	0	0	1.12406	19.896	246.093	-10.3983	0	-20.2453	-1.38639	0	2.48558	0
ASNB146	158.071	-313.572	-114.306	-565.902	-25.4521	799.686	-714.83	47.3558	290.686	762.93	0	0	1.12406	19.8956	246.092	-10.3983	0	-20.2453	-1.38639	0	2.48581	0
SERB151	158.056	-313.58	-114.314	-565.903	-25.4521	799.687	-714.83	47.3558	290.686	762.931	0	0	1.12406	19.8956	246.091	-10.3983	0	-20.2453	-1.38639	0	2.48581	0
ARGB153	157.96	-313.58	-114.314	-565.864	-25.4621	799.578	-714.822	47.3559	290.679	762.921	0	0	1.12406	19.8925	246.097	-10.4005	0	-20.2453	-1.38639	0	2.48495	0
ASNB154	157.857	-313.58	-114.314	-565.855	-25.4621	799.565	-714.815	47.3559	290.672	762.92	0	0	1.12406	19.7941	246.092	-10.4005	0	-20.2453	-1.38639	0	2.48495	0
THRB156	157.848	-313.58	-114.314	-565.857	-25.4621	799.559	-714.819	47.3559	290.673	762.92	0	0	1.12406	19.7957	246.092	-10.4005	0	-20.2453	-1.38639	0	2.48495	0
ASPB158	157.805	-313.6	-114.334	-565.869	-25.4604	799.573	-714.842	47.3559	290.674	762.921	0	0	1.12406	19.8094	246.095	-10.4011	0	-20.2453	-1.38639	0	2.48496	0
H2SB159	157.784	-313.6	-114.334	-565.888	-25.4611	799.581	-714.872	47.3689	290.682	762.921	0	0	1.12406	19.8095	246.101	-10.4011	0	-20.2453	-1.38639	0	2.48611	0
ASPB160	157.728	-313.6	-114.334	-565.878	-25.4677	799.528	-714.87	47.3689	290.675	762.921	0	0	1.12406	19.8095	246.099	-10.4039	0	-20.2453	-1.38639	0	2.4859	0
VALB161	157.728	-313.6	-114.334	-565.878	-25.4677	799.528	-714.87	47.3689	290.675	762.921	0	0	1.12406	19.8095	246.099	-10.4039	0	-20.2453	-1.38639	0	2.4859	0
TYRB162	157.575	-313.6	-114.335	-565.924	-25.4668	799.508	-714.963	47.3592	290.684	762.928	0	0	1.12406	19.809	246.111	-10.4039	0	-20.2453	-1.38639	0	2.4859	0
ARGB163	157.455	-313.591	-114.335	-565.848	-25.4889	799.315	-714.9	47.3513	290.634	762.928	0	0	1.12406	19.8099	246.108	-10.3972	0	-20.2453	-1.38639	0	2.48513	0
ASPB164	157.447	-313.591	-114.335	-565.848	-25.4877	799.315	-714.9	47.3513	290.634	762.928	0	0	1.12406	19.8032	246.109	-10.4012	0	-20.2453	-1.38639	0	2.48513	0
GLUB165	157.318	-313.656	-114.4	-565.844	-25.4816	799.254	-714.907	47.3515	290.69	762.929	0	0	1.12406	19.8059	246.109	-10.4011	0	-20.2453	-1.38639	0	2.48513	0
ASNB168	157.234	-313.657	-114.4	-565.841	-25.4817	799.238	-714.905	47.2817	290.689	762.927	0	0	1.12406	19.8059	246.107	-10.4011	0	-20.2453	-1.38639	0	2.48513	0
ASNB169	157.182	-313.683	-114.424	-565.84	-25.4817	799.236	-714.905	47.2817	290.689	762.926	0	0	1.12406	19.8059	246.107	-10.4011	0	-20.2453	-1.38639	0	2.48513	0
ARGB170	156.988	-313.772	-114.498	-565.832	-25.4579	799.206	-714.91	47.2771	290.675	762.918	0	0	1.12406	19.8061	246.109	-10.4005	0	-20.2453	-1.38639	0	2.48513	0
PHEB171	156.955	-313.764	-114.498	-565.813	-25.4586	799.188	-714.883	47.2227	290.66	762.918	0	0	1.12406	19.8059	246.091	-10.4005	0	-20.2453	-1.38639	0	2.48513	0
GLNB172	156.847	-313.764	-114.498	-565.812	-25.4586	799.185	-714.884	47.2227	290.66	762.918	0	0	1.12406	19.7009	246.09	-10.4005	0	-20.2453	-1.38639	0	2.48513	0
Now moving residues with bad energies 
PROA4	156.846	-313.764	-114.498	-565.811	-25.4586	799.182	-714.882	47.2227	290.66	762.917	0	0	1.12406	19.7009	246.09	-10.4005	0	-20.2453	-1.38639	0	2.48513	0
ASNA6	154.646	-314.34	-116.273	-565.883	-25.4619	799.121	-715.073	46.565	291.864	762.869	0	0	1.12406	19.6821	246.109	-10.4004	0	-20.2453	-1.38892	0	2.48513	0
ASPA7	154.639	-314.34	-116.273	-565.901	-25.4688	799.148	-715.092	46.565	291.875	762.875	0	0	1.12406	19.6822	246.122	-10.401	0	-20.2453	-1.39483	0	2.48513	0
ASNA8	153.76	-314.339	-116.273	-565.671	-25.4685	798.615	-714.913	46.5567	291.673	762.394	0	0	1.12406	19.6179	246.129	-10.401	0	-20.2453	-1.39483	0	2.48513	0
SERA9	153.521	-314.339	-116.273	-565.553	-25.4685	798.317	-714.842	46.5532	291.582	762.357	0	0	1.12406	19.6179	246.099	-10.401	0	-20.2453	-1.39483	0	2.48513	0
THRA10	153.521	-314.339	-116.273	-565.553	-25.4685	798.317	-714.842	46.5532	291.582	762.357	0	0	1.12406	19.6179	246.099	-10.401	0	-20.2453	-1.39483	0	2.48513	0
THRA12	153.486	-314.339	-116.273	-565.617	-25.4685	798.398	-714.937	46.5532	291.589	762.388	0	0	1.12406	19.6239	246.099	-10.401	0	-20.2453	-1.39483	0	2.48513	0
H2SA18	153.468	-314.339	-116.273	-565.616	-25.4685	798.393	-714.937	46.5532	291.589	762.388	0	0	1.12406	19.6111	246.099	-10.401	0	-20.2453	-1.39483	0	2.48516	0
PROA21	153.459	-314.339	-116.273	-565.623	-25.4685	798.398	-714.944	46.5578	291.588	762.384	0	0	1.12406	19.6111	246.11	-10.401	0	-20.2453	-1.39483	0	2.48516	0
ASNA22	153.138	-314.339	-116.273	-565.425	-25.4685	797.937	-714.76	46.5402	291.508	762.348	0	0	1.12406	19.5023	246.102	-10.401	0	-20.2453	-1.39483	0	2.48516	0
THRA24	152.876	-314.347	-116.273	-565.354	-25.4685	797.705	-714.701	46.5287	291.455	762.321	0	0	1.12406	19.4419	246.077	-10.401	0	-20.2453	-1.39483	0	2.48516	0
LEUA25	152.376	-314.352	-116.273	-565.634	-25.4685	797.813	-715.239	46.5574	291.639	762.321	0	0	1.12406	19.4431	246.156	-10.401	0	-20.2453	-1.39483	0	2.48516	0
LYSA27	151.322	-314.371	-116.446	-565.629	-25.4959	797.276	-715.401	46.4671	291.582	762.338	0	0	1.12406	19.4668	246.102	-10.401	0	-20.2453	-1.42635	0	2.48516	0
THRA28	150.635	-314.448	-116.495	-565.656	-25.4959	797.374	-715.395	45.8234	291.587	762.337	0	0	1.12406	19.4671	246.099	-10.401	0	-20.2453	-1.42635	0	2.48516	0
ILEA29	150.58	-314.453	-116.524	-565.75	-25.4959	797.486	-715.52	45.855	291.638	762.336	0	0	1.12406	19.4714	246.101	-10.401	0	-20.2453	-1.42635	0	2.48516	0
THRA30	149.831	-314.41	-117.801	-566.027	-25.4957	797.986	-715.804	45.8877	292.106	762.369	0	0	1.12406	19.4829	246.195	-10.401	0	-20.2453	-1.42635	0	2.48516	0
ASNA31	149.776	-314.425	-117.814	-566.008	-25.4957	797.952	-715.787	45.8861	292.103	762.369	0	0	1.12406	19.4581	246.191	-10.401	0	-20.2453	-1.42635	0	2.48516	0
ASPA32	149.773	-314.425	-117.814	-566.008	-25.501	797.953	-715.787	45.886	292.107	762.369	0	0	1.12406	19.4581	246.191	-10.401	0	-20.2453	-1.4269	0	2.48516	0
GLNA33	148.87	-313.933	-117.353	-565.574	-25.501	797.27	-715.468	45.2809	291.421	761.736	0	0	1.12406	19.4569	246.16	-10.401	0	-20.2453	-1.4269	0	2.48516	0
GLUA35	148.811	-313.92	-117.393	-565.566	-25.5062	797.229	-715.475	45.2809	291.441	761.729	0	0	1.12406	19.4569	246.16	-10.401	0	-20.2453	-1.4293	0	2.48516	0
THRA37	148.755	-313.92	-117.393	-565.543	-25.5062	797.152	-715.471	45.2818	291.442	761.722	0	0	1.12406	19.4567	246.16	-10.401	0	-20.2453	-1.4293	0	2.48515	0
ASNA38	145.484	-314.453	-119.774	-565.74	-25.5062	797.008	-715.553	44.7713	291.876	761.705	0	0	1.12406	19.6186	246.241	-10.401	0	-20.2453	-1.4293	0	2.48515	0
THRA40	145.283	-314.468	-119.774	-565.842	-25.5062	797.045	-715.732	44.7744	291.935	761.707	0	0	1.12406	19.6107	246.256	-10.401	0	-20.2453	-1.4293	0	2.48515	0
GLUA41	143.114	-315.166	-120.654	-565.807	-25.5078	796.425	-715.693	44.7901	291.92	761.708	0	0	1.12406	19.5656	246.258	-10.4008	0	-20.2453	-1.42881	0	2.48515	0
GLNA44	142.754	-315.273	-120.898	-565.771	-25.4983	796.294	-715.684	44.7901	291.987	761.707	0	0	1.12406	19.5658	246.261	-10.4008	0	-20.2453	-1.42881	0	2.48515	0
SERA45	142.076	-315.273	-122.068	-565.914	-25.4983	796.5	-715.772	44.821	292.4	761.724	0	0	1.12406	19.6215	246.311	-10.4008	0	-20.2453	-1.42881	0	2.48515	0
SERA46	141.868	-315.273	-122.068	-565.825	-25.4983	796.306	-715.714	44.821	292.347	761.709	0	0	1.12406	19.5286	246.312	-10.4008	0	-20.2453	-1.42881	0	2.48515	0
SERA47	141.796	-315.314	-122.11	-565.824	-25.4983	796.306	-715.714	44.8218	292.347	761.709	0	0	1.12406	19.5376	246.313	-10.4008	0	-20.2453	-1.42881	0	2.48515	0
THRA48	141.604	-315.331	-122.13	-565.814	-25.4983	796.301	-715.695	44.7864	292.345	761.709	0	0	1.12406	19.3976	246.31	-10.4008	0	-20.2453	-1.42881	0	2.48515	0
LYSA50	141.277	-315.331	-122.13	-565.839	-25.4997	796.122	-715.777	44.7865	292.38	761.632	0	0	1.12406	19.3976	246.33	-10.4008	0	-20.2453	-1.42881	0	2.48515	0
ASNA53	140.518	-315.742	-122.557	-565.78	-25.4997	795.742	-715.861	44.8576	292.633	761.493	0	0	1.12406	19.6975	246.232	-10.4008	0	-20.2453	-1.42881	0	2.48515	0
ASNA54	139.48	-316.343	-123.15	-565.537	-25.5041	795.329	-715.54	44.7405	292.916	761.424	0	0	1.12406	19.614	246.281	-10.4008	0	-20.2453	-1.42881	0	2.48109	0
PROA55	139.347	-316.343	-123.416	-565.535	-25.5042	795.326	-715.537	44.739	293.049	761.424	0	0	1.12406	19.614	246.281	-10.4008	0	-20.2453	-1.42881	0	2.48099	0
ARGA57	139.327	-316.335	-123.422	-565.513	-25.5009	795.294	-715.521	44.7182	293.038	761.424	0	0	1.12406	19.614	246.28	-10.4007	0	-20.2453	-1.42881	0	2.48099	0
ILEA62	139.068	-316.338	-123.422	-565.654	-25.5074	795.337	-715.756	44.7406	293.075	761.434	0	0	1.12406	19.6271	246.31	-10.4007	0	-20.2453	-1.42881	0	2.48099	0
ASNA63	139.068	-316.338	-123.422	-565.654	-25.5074	795.337	-715.756	44.7406	293.075	761.434	0	0	1.12406	19.6271	246.31	-10.4007	0	-20.2453	-1.42881	0	2.48099	0
THRA65	137.641	-316.947	-123.974	-565.737	-25.5027	794.948	-715.86	44.7109	293.074	761.457	0	0	1.12406	19.9418	246.345	-10.4007	0	-20.2453	-1.42881	0	2.48099	0
ASPA68	137.509	-316.947	-124.062	-565.741	-25.5044	794.96	-715.865	44.7111	293.074	761.46	0	0	1.12406	19.8986	246.345	-10.4058	0	-20.2453	-1.42864	0	2.48099	0
ASPA73	134.507	-318.198	-125.026	-565.766	-25.8778	794.382	-715.891	44.6128	293.021	761.765	0	0	1.12406	19.9895	246.363	-10.4082	0	-20.2453	-1.42864	0	2.45353	0
HISA75	134.498	-318.201	-125.029	-565.766	-25.8795	794.364	-715.891	44.6242	293.021	761.769	0	0	1.12406	19.9895	246.363	-10.4083	0	-20.2453	-1.42864	0	2.45428	0
ASPA77	133	-318.377	-125.655	-565.776	-25.8884	794.509	-715.852	43.7549	293.069	761.77	0	0	1.12406	19.9614	246.291	-10.4207	0	-20.2453	-1.42864	0	2.45428	0
GLNA80	131.045	-318.836	-126.221	-565.193	-25.9574	792.943	-715.681	43.7149	292.966	762.034	0	0	1.12406	19.8209	246.175	-10.4488	0	-20.2453	-1.42864	0	2.45428	0
ASNA81	130.983	-318.839	-126.224	-565.202	-25.9575	792.947	-715.695	43.6786	292.97	762.034	0	0	1.12406	19.8154	246.175	-10.4488	0	-20.2453	-1.42864	0	2.45428	0
GLUA82	130.902	-318.87	-126.272	-565.218	-25.9746	792.982	-715.713	43.6818	292.987	762.034	0	0	1.12406	19.8075	246.172	-10.4483	0	-20.2453	-1.42864	0	2.45428	0
THRA83	130.565	-319.184	-126.683	-565.196	-25.9911	792.936	-715.657	43.667	293.385	762.008	0	0	1.12406	19.8248	246.049	-10.4483	0	-20.2453	-1.42864	0	2.45428	0
TRPA84	129.738	-319.556	-127.015	-565.185	-25.9888	792.494	-715.551	43.7976	293.38	762.076	0	0	1.12406	19.8294	246.083	-10.4483	0	-20.2453	-1.42864	0	2.45428	0
ASPA85	129.648	-319.557	-127.016	-565.181	-25.9818	792.475	-715.551	43.7142	293.381	762.076	0	0	1.12406	19.8307	246.083	-10.4478	0	-20.2453	-1.42824	0	2.45428	0
GLUA89	127.9	-319.638	-128.427	-565.21	-25.95	792.449	-715.6	43.0445	293.839	762.077	0	0	1.12406	19.8422	246.083	-10.4333	0	-20.2453	-1.42741	0	2.45428	0
ARGA90	127.828	-319.694	-128.495	-565.193	-25.925	792.416	-715.588	43.0523	293.839	762.104	0	0	1.12406	19.8402	246.084	-10.4335	0	-20.2453	-1.42732	0	2.45428	0
SERA91	127.822	-319.694	-128.503	-565.195	-25.9253	792.422	-715.589	43.0523	293.838	762.104	0	0	1.12406	19.8402	246.084	-10.4335	0	-20.2453	-1.42732	0	2.45428	0
LYSA92	127.64	-319.69	-128.483	-565.142	-26.0312	792.315	-715.548	43.0463	293.784	762.099	0	0	1.12406	19.8175	246.019	-10.4331	0	-20.2453	-1.42732	0	2.45428	0
PHEA94	127.543	-319.69	-128.483	-565.234	-26.0114	792.403	-715.71	43.0579	293.844	762.041	0	0	1.12406	19.8255	246.008	-10.4331	0	-20.2453	-1.42732	0	2.48099	0
SERA95	127.504	-319.69	-128.533	-565.222	-26.0116	792.386	-715.695	43.0658	293.837	762.041	0	0	1.12406	19.8255	246.008	-10.4331	0	-20.2453	-1.42732	0	2.48099	0
ASNA96	127.371	-319.69	-128.532	-565.234	-26.012	792.314	-715.736	43.0546	293.861	762.022	0	0	1.12406	19.8251	246.006	-10.4331	0	-20.2453	-1.42732	0	2.48099	0
CYSA97	127.131	-319.691	-128.533	-565.235	-26.0123	792.309	-715.736	42.6313	293.861	762.022	0	0	1.12406	19.8252	246.006	-10.4331	0	-20.0548	-1.42732	0	2.48099	0
ASPA101	127.111	-319.691	-128.552	-565.234	-26.0125	792.307	-715.735	42.6313	293.861	762.022	0	0	1.12406	19.8252	246.006	-10.4333	0	-20.0548	-1.42739	0	2.48099	0
PROA103	126.748	-319.691	-128.552	-565.318	-26.0042	792.277	-715.947	42.5852	293.861	762.021	0	0	1.12406	19.8263	246.013	-10.4333	0	-20.0548	-1.42739	0	2.48099	0
ASPA104	126.392	-319.672	-128.552	-565.221	-25.9999	791.823	-715.889	42.3402	293.857	762.021	0	0	1.12406	19.8229	245.986	-10.2635	0	-20.0548	-1.42396	0	2.48099	0
TYRA105	125.478	-319.647	-129.179	-565.487	-26.0433	791.94	-716.32	42.5003	293.999	762.077	0	0	1.12406	19.7819	245.991	-10.2696	0	-20.0548	-1.424	0	2.48099	0
SERA107	124.937	-319.666	-130.751	-565.546	-26.0473	792.017	-716.342	43.1783	294.358	762.077	0	0	1.12406	19.796	246.045	-10.2619	0	-20.0548	-1.42689	0	2.48099	0
ARGA109	124.858	-319.666	-130.824	-565.541	-26.0985	792.011	-716.336	43.1783	294.399	762.077	0	0	1.12406	19.7978	246.044	-10.2625	0	-20.0548	-1.42736	0	2.48099	0
SERA110	124.373	-319.667	-131.301	-565.574	-26.1008	792.06	-716.372	43.1882	294.398	762.076	0	0	1.12406	19.7996	246.044	-10.2653	0	-20.0548	-1.42336	0	2.48676	0
SERA114	123.571	-320.154	-131.798	-565.665	-26.1003	792.323	-716.387	43.1884	294.683	762.045	0	0	1.12406	19.5681	246.156	-10.2653	0	-20.0548	-1.42336	0	2.48762	0
SERA115	123.54	-320.175	-131.819	-565.665	-26.1003	792.323	-716.387	43.1884	294.683	762.045	0	0	1.12406	19.579	246.156	-10.2653	0	-20.0548	-1.42336	0	2.48762	0
GLUA119	123	-320.191	-131.062	-565.38	-25.484	791.357	-716.144	43.1977	293.22	762.045	0	0	1.12406	19.5779	246.176	-10.2693	0	-20.0548	-1.42336	0	2.48762	0
ILEA121	122.855	-320.191	-131.062	-565.373	-25.4834	791.347	-716.133	43.1959	293.22	762.044	0	0	1.12406	19.4263	246.176	-10.2693	0	-20.0548	-1.42336	0	2.48762	0
ASNA122	122.547	-320.481	-131.407	-565.447	-25.4834	791.37	-716.167	43.1959	293.61	762.064	0	0	1.12406	19.4273	246.211	-10.2693	0	-20.0548	-1.42336	0	2.48762	0
GLUA123	122.519	-320.481	-131.476	-565.44	-25.4558	791.364	-716.157	43.1991	293.609	762.064	0	0	1.12406	19.4273	246.211	-10.269	0	-20.0548	-1.42336	0	2.48762	0
THRA126	122.515	-320.481	-131.476	-565.436	-25.4558	791.356	-716.152	43.1991	293.609	762.061	0	0	1.12406	19.4273	246.211	-10.269	0	-20.0548	-1.42336	0	2.48762	0
THRA128	122.515	-320.481	-131.476	-565.436	-25.4558	791.356	-716.153	43.1991	293.609	762.061	0	0	1.12406	19.4273	246.211	-10.269	0	-20.0548	-1.42336	0	2.48762	0
THRA131	120.455	-321.006	-132.002	-565.454	-25.4558	791.121	-716.187	42.3074	293.789	762.065	0	0	1.12406	19.4123	246.243	-10.269	0	-20.0548	-1.42336	0	2.48762	0
GLNA132	120.277	-321.005	-132.29	-565.549	-25.4558	791.236	-716.299	42.3104	293.997	762.056	0	0	1.12406	19.4124	246.245	-10.269	0	-20.0548	-1.42336	0	2.48762	0
ASNA133	120.18	-321.005	-132.369	-565.535	-25.4557	791.204	-716.296	42.3097	293.996	762.055	0	0	1.12406	19.4124	246.228	-10.269	0	-20.0548	-1.42336	0	2.48762	0
SERA136	120.12	-321.075	-132.439	-565.546	-25.4557	791.242	-716.296	42.3097	293.995	762.062	0	0	1.12406	19.4584	246.231	-10.269	0	-20.0548	-1.42336	0	2.48762	0
ASNA137	120.119	-321.075	-132.432	-565.545	-25.4556	791.239	-716.295	42.3071	293.992	762.062	0	0	1.12406	19.4584	246.232	-10.269	0	-20.0548	-1.42336	0	2.48762	0
LYSA140	120.074	-321.075	-132.275	-565.512	-25.447	791.099	-716.273	42.3166	293.889	762.047	0	0	1.12406	19.4418	246.238	-10.269	0	-20.0548	-1.42336	0	2.48762	0
ARGA141	118.914	-321.791	-132.652	-565.565	-25.4821	791.146	-716.303	42.3351	293.864	762.05	0	0	1.12406	19.446	246.29	-10.267	0	-20.0548	-1.42336	0	2.48762	0
PROA143	118.881	-321.791	-132.652	-565.446	-25.4821	790.965	-716.129	42.3326	293.801	761.973	0	0	1.12406	19.4431	246.287	-10.267	0	-20.0548	-1.42336	0	2.48762	0
ASPA144	117.504	-322.426	-134.449	-565.529	-25.5812	791.164	-716.164	42.4294	294.919	762.426	0	0	1.12406	18.8491	246.3	-10.267	0	-20.0548	-1.42336	0	2.48762	0
SERA145	117.504	-322.426	-134.449	-565.529	-25.5812	791.164	-716.164	42.4294	294.919	762.426	0	0	1.12406	18.8491	246.3	-10.267	0	-20.0548	-1.42336	0	2.48762	0
PHEA147	117.494	-322.427	-134.449	-565.533	-25.5811	791.163	-716.171	42.4307	294.919	762.426	0	0	1.12406	18.8491	246.3	-10.267	0	-20.0548	-1.42336	0	2.48762	0
SERA149	117.494	-322.427	-134.449	-565.533	-25.5811	791.163	-716.171	42.4307	294.919	762.426	0	0	1.12406	18.8491	246.3	-10.267	0	-20.0548	-1.42336	0	2.48762	0
ARGA150	117.469	-322.428	-134.449	-565.498	-25.6217	791.132	-716.139	42.4321	294.911	762.426	0	0	1.12406	18.8479	246.307	-10.2776	0	-20.0548	-1.42336	0	2.48762	0
TYRA155	117.283	-322.407	-134.465	-565.234	-25.6218	790.603	-715.928	42.3908	294.982	762.299	0	0	1.12406	18.808	246.221	-10.2776	0	-20.0548	-1.42336	0	2.48762	0
LYSA156	117.223	-322.601	-134.659	-565.236	-25.6249	790.714	-715.914	42.4128	295.186	762.281	0	0	1.12406	18.8082	246.244	-10.2776	0	-20.0548	-1.42336	0	2.48762	0
SERA157	117.173	-322.6	-134.659	-565.211	-25.6249	790.633	-715.893	42.4128	295.171	762.281	0	0	1.12406	18.8082	246.243	-10.2776	0	-20.0548	-1.42336	0	2.48762	0
SERA159	116.462	-322.6	-134.659	-565.221	-25.6249	790.637	-715.915	41.7375	295.166	762.278	0	0	1.12406	18.8082	246.252	-10.2776	0	-20.0548	-1.42336	0	2.48762	0
PROA162	116.341	-322.6	-134.659	-565.297	-25.6249	790.696	-716.038	41.7375	295.167	762.295	0	0	1.12406	18.8099	246.258	-10.2776	0	-20.0548	-1.42336	0	2.48762	0
VALA163	116.312	-322.601	-134.659	-565.299	-25.6249	790.699	-716.039	41.7377	295.168	762.294	0	0	1.12406	18.7812	246.259	-10.2776	0	-20.0548	-1.42336	0	2.48762	0
ASNA165	116.038	-322.618	-135.596	-565.476	-25.6249	790.884	-716.221	41.7536	296.006	762.271	0	0	1.12406	18.8023	246.26	-10.2776	0	-20.0548	-1.42336	0	2.48762	0
VALA166	116.001	-322.617	-135.596	-565.473	-25.6249	790.889	-716.216	41.7546	296.006	762.272	0	0	1.12406	18.7505	246.26	-10.2776	0	-20.0548	-1.42336	0	2.48762	0
THRA167	115.977	-322.626	-135.603	-565.501	-25.6249	790.928	-716.251	41.7546	296.021	762.271	0	0	1.12406	18.7523	246.26	-10.2776	0	-20.0548	-1.42336	0	2.48762	0
PROA169	115.773	-322.628	-135.603	-565.547	-25.6249	790.893	-716.388	41.7546	296.037	762.272	0	0	1.12406	18.7513	246.237	-10.2776	0	-20.0548	-1.42336	0	2.48762	0
ASNA171	115.715	-322.618	-135.603	-565.493	-25.6249	790.78	-716.356	41.7546	295.999	762.269	0	0	1.12406	18.7497	246.231	-10.2776	0	-20.0548	-1.42336	0	2.48762	0
ASPA172	115.605	-322.553	-135.625	-565.39	-25.5058	790.345	-716.282	41.751	295.991	762.269	0	0	1.12406	18.7486	246.249	-10.2776	0	-20.0548	-1.42336	0	2.48762	0
ASNA173	115.423	-322.553	-135.625	-565.606	-25.5029	790.599	-716.583	41.7508	296.091	762.247	0	0	1.12406	18.7494	246.273	-10.2777	0	-20.0548	-1.42336	0	2.48762	0
ASPA175	115.02	-322.541	-135.841	-565.489	-25.2878	790.166	-716.516	41.7508	296.096	762.242	0	0	1.12406	18.5794	246.252	-10.2737	0	-20.0548	-1.42336	0	2.48762	0
LYSA176	114.98	-322.556	-135.851	-565.478	-25.2877	790.143	-716.511	41.7426	296.096	762.242	0	0	1.12406	18.5794	246.252	-10.2737	0	-20.0548	-1.42336	0	2.48762	0
TRPA180	114.979	-322.534	-135.851	-565.45	-25.2877	790.099	-716.488	41.7536	296.104	762.236	0	0	1.12406	18.5365	246.252	-10.2737	0	-20.0548	-1.42336	0	2.48762	0
SERA186	114.242	-322.492	-136.221	-565.469	-25.2871	790.115	-716.51	41.6268	296.113	762.247	0	0	1.12406	18.2561	246.251	-10.2737	0	-20.0548	-1.42336	0	2.49185	0
THRA187	114.242	-322.492	-136.221	-565.469	-25.2871	790.115	-716.51	41.6268	296.113	762.247	0	0	1.12406	18.2561	246.251	-10.2737	0	-20.0548	-1.42336	0	2.49185	0
ASPA188	114.048	-322.492	-136.221	-565.439	-25.2766	789.925	-716.502	41.6268	296.065	762.242	0	0	1.12406	18.2561	246.281	-10.2737	0	-20.0548	-1.42336	0	2.49185	0
GLNA189	113.976	-322.969	-136.278	-565.518	-25.2766	790.063	-716.496	41.6296	296.399	762.307	0	0	1.12406	18.2511	246.295	-10.2737	0	-20.0548	-1.42336	0	2.49185	0
GLUA190	113.867	-322.988	-136.304	-565.506	-25.2702	789.998	-716.493	41.6296	296.399	762.307	0	0	1.12406	18.2296	246.294	-10.2737	0	-20.0548	-1.42336	0	2.49185	0
THRA192	109.207	-323.59	-138.549	-565.563	-25.2702	789.744	-716.482	40.027	296.475	762.365	0	0	1.12406	18.1873	246.383	-10.2737	0	-20.0548	-1.42336	0	2.49185	0
ASNA193	108.288	-324.045	-139.003	-565.641	-25.2759	789.669	-716.641	40.241	296.844	761.991	0	0	1.12406	18.2844	246.687	-10.2737	0	-20.0548	-1.42336	0	2.49185	0
VALA196	108.237	-324.045	-139.003	-565.684	-25.2759	789.702	-716.703	40.2416	296.852	762.006	0	0	1.12406	18.2828	246.686	-10.2737	0	-20.0548	-1.42336	0	2.49185	0
GLNA197	108.22	-324.062	-139.021	-565.677	-25.2759	789.69	-716.696	40.2445	296.867	762.005	0	0	1.12406	18.2828	246.682	-10.2737	0	-20.0548	-1.42336	0	2.49185	0
SERA199	107.403	-324.062	-139.021	-565.769	-25.2759	789.726	-716.874	40.2453	296.951	761.997	0	0	1.12406	17.6216	246.69	-10.2737	0	-20.0548	-1.42336	0	2.49185	0
ARGA201	106.143	-324.022	-140.283	-566.175	-25.2759	789.916	-717.635	40.2802	297.719	762.121	0	0	1.12406	17.6328	246.575	-10.2737	0	-20.0548	-1.42336	0	2.49185	0
SERA205	105.425	-324.529	-140.841	-566.284	-25.2759	790.037	-717.732	40.3515	297.968	762.153	0	0	1.12406	17.7121	246.62	-10.2737	0	-20.0548	-1.42336	0	2.49185	0
THRA206	104.653	-324.818	-141.13	-566.308	-25.2745	789.742	-717.74	40.3229	297.977	762.305	0	0	1.12406	17.7123	246.624	-10.2737	0	-20.0548	-1.42336	0	2.49185	0
LYSA207	104.628	-324.849	-141.16	-566.329	-25.2793	789.785	-717.763	40.3242	298.018	762.305	0	0	1.12406	17.7123	246.625	-10.2737	0	-20.0548	-1.42336	0	2.49185	0
ARGA208	102.533	-326.54	-142.016	-566.887	-24.9529	790.786	-718.431	39.5116	298.951	762.412	0	0	1.12406	17.8171	246.855	-10.2544	0	-20.0548	-1.42336	0	2.49185	0
SERA209	102.313	-326.54	-142.853	-567.088	-24.9529	791.255	-718.565	39.5171	299.428	762.409	0	0	1.12406	17.819	246.881	-10.2544	0	-20.0548	-1.42336	0	2.49185	0
GLNA210	102.134	-326.68	-142.853	-567.795	-24.9529	792.127	-719.391	39.561	299.958	762.456	0	0	1.12406	17.8204	246.865	-10.2544	0	-20.0548	-1.42336	0	2.49185	0
GLNA211	101.733	-326.678	-142.853	-567.756	-24.9529	792.096	-719.342	39.128	299.934	762.454	0	0	1.12406	17.8198	246.865	-10.2544	0	-20.0548	-1.42336	0	2.49185	0
THRA212	101.645	-326.679	-143.034	-567.755	-24.9529	792.12	-719.306	39.128	299.93	762.452	0	0	1.12406	17.8579	246.865	-10.2544	0	-20.0548	-1.42336	0	2.49185	0
ILEA214	101.645	-326.679	-143.034	-567.755	-24.9529	792.12	-719.306	39.128	299.93	762.452	0	0	1.12406	17.8579	246.865	-10.2544	0	-20.0548	-1.42336	0	2.49185	0
ASNA216	100.755	-327.268	-143.628	-567.434	-24.9494	791.471	-719.032	39.0446	300.374	762.754	0	0	1.12406	17.5481	246.865	-10.2544	0	-20.0548	-1.42336	0	2.48349	0
SERA219	100.361	-327.333	-144.35	-567.45	-24.9494	791.52	-719.018	39.0495	300.721	762.748	0	0	1.12406	17.5481	246.859	-10.2544	0	-20.0548	-1.42336	0	2.48349	0
ARGA220	100.058	-327.493	-144.511	-567.355	-24.9414	791.334	-718.969	39.0434	300.715	762.82	0	0	1.12406	17.5403	246.829	-10.2544	0	-20.0548	-1.42336	0	2.48357	0
PROA221	99.9578	-327.493	-144.511	-567.371	-24.9414	791.329	-719.011	38.9994	300.724	762.818	0	0	1.12406	17.5403	246.829	-10.2544	0	-20.0548	-1.42336	0	2.48357	0
TRPA222	98.8418	-327.511	-144.651	-567.458	-24.9414	790.895	-719.194	39.0005	300.952	762.335	0	0	1.12406	17.5396	246.503	-10.2544	0	-20.0548	-1.42336	0	2.48357	0
VALA223	98.8418	-327.511	-144.651	-567.458	-24.9414	790.895	-719.194	39.0005	300.952	762.335	0	0	1.12406	17.5396	246.503	-10.2544	0	-20.0548	-1.42336	0	2.48357	0
ARGA224	98.6408	-327.627	-144.757	-567.455	-24.8998	790.862	-719.206	39.0183	300.944	762.349	0	0	1.12406	17.5372	246.492	-10.2549	0	-20.0548	-1.42338	0	2.48357	0
SERA227	98.4937	-327.692	-144.898	-567.465	-24.8998	790.895	-719.205	39.0183	300.948	762.381	0	0	1.12406	17.5372	246.491	-10.2549	0	-20.0548	-1.42338	0	2.48357	0
SERA228	98.4937	-327.692	-144.898	-567.465	-24.8998	790.895	-719.205	39.0183	300.948	762.381	0	0	1.12406	17.5372	246.491	-10.2549	0	-20.0548	-1.42338	0	2.48357	0
ARGA229	98.3615	-327.759	-144.971	-567.479	-24.896	790.916	-719.212	39.0192	300.949	762.38	0	0	1.12406	17.5402	246.493	-10.2549	0	-20.0548	-1.42315	0	2.48357	0
TYRA233	98.3192	-327.759	-144.971	-567.47	-24.8945	790.866	-719.219	39.0187	300.954	762.38	0	0	1.12406	17.5404	246.493	-10.2549	0	-20.0548	-1.42315	0	2.48218	0
THRA235	95.8177	-327.795	-146.036	-567.507	-24.8945	790.466	-719.241	38.2892	300.658	762.38	0	0	1.12406	17.6247	246.493	-10.2549	0	-20.0548	-1.42315	0	2.48218	0
LYSA238	95.8042	-327.795	-146.036	-567.51	-24.8897	790.458	-719.245	38.2891	300.656	762.38	0	0	1.12406	17.623	246.494	-10.2549	0	-20.0548	-1.42315	0	2.48218	0
ASPA241	95.343	-327.799	-146.042	-567.51	-24.8928	790.38	-719.272	37.9447	300.663	762.38	0	0	1.12406	17.6169	246.494	-10.2549	0	-20.0548	-1.42315	0	2.48218	0
VALA244	95.343	-327.799	-146.042	-567.51	-24.8928	790.38	-719.272	37.9447	300.663	762.38	0	0	1.12406	17.6169	246.494	-10.2549	0	-20.0548	-1.42315	0	2.48218	0
ASNA246	94.9894	-327.778	-146.369	-567.488	-24.8928	790.349	-719.257	37.9143	300.662	762.384	0	0	1.12406	17.5912	246.504	-10.2549	0	-20.0548	-1.42315	0	2.48218	0
SERA247	94.3924	-327.815	-146.425	-567.483	-24.8928	790.328	-719.258	37.4465	300.662	762.384	0	0	1.12406	17.5709	246.503	-10.2549	0	-20.0548	-1.42315	0	2.48218	0
ASNA248	94.0443	-327.865	-146.425	-567.425	-24.8928	790.152	-719.261	37.4466	300.602	762.312	0	0	1.12406	17.5276	246.5	-10.2549	0	-20.0548	-1.42315	0	2.48218	0
ASNA250	93.852	-327.928	-146.574	-567.421	-24.8928	790.16	-719.241	37.4457	300.602	762.304	0	0	1.12406	17.5236	246.498	-10.2549	0	-20.0548	-1.42315	0	2.48218	0
ARGA255	92.4076	-328.46	-147.428	-567.44	-24.8956	790.118	-719.239	37.4523	300.605	762.299	0	0	1.12406	17.5247	246.518	-10.2565	0	-20.0548	-1.42315	0	2.48218	0
TYRA257	92.3725	-328.46	-147.428	-567.44	-24.9048	790.119	-719.238	37.4814	300.604	762.298	0	0	1.12406	17.4681	246.518	-10.2565	0	-20.0548	-1.42315	0	2.48218	0
LYSA259	92.2149	-328.46	-147.428	-567.493	-25.017	790.15	-719.386	37.4886	300.719	762.298	0	0	1.12406	17.4689	246.518	-10.2537	0	-20.0548	-1.42315	0	2.48218	0
ARGA261	90.6959	-329.325	-148.284	-567.389	-24.8187	789.525	-719.43	37.4487	301.254	762.303	0	0	1.12406	17.5121	246.547	-10.2287	0	-20.0548	-1.42315	0	2.48218	0
THRA262	90.6866	-329.325	-148.284	-567.388	-24.8187	789.515	-719.429	37.4487	301.254	762.303	0	0	1.12406	17.512	246.547	-10.2287	0	-20.0548	-1.42315	0	2.48218	0
LYSA264	89.8578	-329.336	-147.723	-567.122	-24.7848	788.228	-719.264	37.4506	300.697	762.266	0	0	1.12406	17.5132	246.531	-10.2369	0	-20.0548	-1.37863	0	2.4793	0
SERA265	88.5206	-329.528	-147.895	-567.099	-25.6833	789.074	-719.267	36.3558	300.61	762.277	0	0	1.12406	17.5326	246.532	-10.2806	0	-20.0548	-1.52707	0	2.88201	0
SERA266	88.3029	-329.633	-148.009	-567.104	-25.6831	789.08	-719.275	36.3658	300.61	762.276	0	0	1.12406	17.5326	246.532	-10.2806	0	-20.0548	-1.52707	0	2.88132	0
ARGA269	84.8401	-331.31	-150.57	-567.697	-24.7945	789.643	-719.903	36.5001	301.385	762.166	0	0	1.12406	17.4709	246.631	-10.4025	0	-20.0548	-1.59829	0	2.88056	0
SERA270	84.6635	-331.301	-150.56	-567.706	-24.794	789.672	-719.902	36.288	301.385	762.164	0	0	1.12406	17.4679	246.632	-10.4025	0	-20.0548	-1.59829	0	2.88056	0
ASPA271	84.507	-331.393	-150.681	-567.704	-24.7831	789.694	-719.889	36.2902	301.384	762.164	0	0	1.12406	17.4727	246.632	-10.4026	0	-20.0548	-1.5949	0	2.88056	0
PROA273	84.5022	-331.393	-150.681	-567.708	-24.7831	789.696	-719.895	36.2905	301.386	762.164	0	0	1.12406	17.4727	246.632	-10.4026	0	-20.0548	-1.5949	0	2.88056	0
THRA276	84.5001	-331.393	-150.681	-567.716	-24.7831	789.696	-719.913	36.2905	301.403	762.161	0	0	1.12406	17.4833	246.632	-10.4026	0	-20.0548	-1.5949	0	2.88056	0
ILEA278	84.5001	-331.393	-150.681	-567.716	-24.7831	789.696	-719.913	36.2905	301.403	762.161	0	0	1.12406	17.4833	246.632	-10.4026	0	-20.0548	-1.5949	0	2.88056	0
SERA279	83.9916	-331.98	-151.282	-567.678	-24.7831	789.299	-719.951	36.3069	301.609	763.018	0	0	1.12406	17.4822	246.611	-10.4026	0	-20.0548	-1.5949	0	2.88056	0
GLUA280	82.1239	-331.908	-152.956	-567.477	-23.9983	787.503	-719.778	36.2545	302.36	762.98	0	0	1.12406	17.439	246.614	-10.3392	0	-20.0548	-1.49203	0	2.46711	0
ASNA285	82.0673	-331.91	-152.972	-567.515	-23.9983	787.544	-719.827	36.255	302.36	762.981	0	0	1.12406	17.4449	246.618	-10.3392	0	-20.0548	-1.49203	0	2.46711	0
SERA287	82.0542	-332.143	-153.198	-567.515	-24.4546	788.314	-719.827	36.255	302.349	762.981	0	0	1.12406	17.4449	246.618	-10.3806	0	-20.0548	-1.64091	0	2.79899	0
PROA289	81.9949	-332.142	-153.198	-567.537	-24.4547	788.316	-719.877	36.255	302.36	762.981	0	0	1.12406	17.4449	246.618	-10.3806	0	-20.0548	-1.64091	0	2.79899	0
ASPA291	81.4769	-332.142	-152.881	-567.151	-23.9555	786.83	-719.536	36.2551	301.824	762.946	0	0	1.12406	17.4438	246.558	-10.3805	0	-20.0548	-1.64252	0	2.79899	0
LYSA292	81.3921	-332.142	-152.884	-567.173	-23.9567	786.813	-719.583	36.2551	301.827	762.945	0	0	1.12406	17.4452	246.556	-10.3804	0	-20.0548	-1.64252	0	2.79899	0
GLNA295	81.2164	-332.183	-152.923	-567.193	-23.9567	786.844	-719.592	36.2533	301.813	762.943	0	0	1.12406	17.3641	246.592	-10.3804	0	-20.0548	-1.64252	0	2.79899	0
ASNA296	81.1125	-332.183	-152.967	-567.189	-23.9567	786.845	-719.588	36.2431	301.808	762.941	0	0	1.12406	17.3142	246.593	-10.3804	0	-20.0548	-1.64252	0	2.79899	0
THRA301	80.4025	-332.162	-152.967	-567.228	-24.0931	786.532	-719.827	36.2369	301.836	762.963	0	0	1.12406	17.3148	246.548	-10.3804	0	-20.0548	-1.69093	0	2.79899	0
LYSA307	80.165	-332.162	-153.446	-567.236	-24.0928	786.608	-719.818	36.1931	302.072	762.966	0	0	1.12406	17.2815	246.548	-10.3794	0	-20.0548	-1.68946	0	2.79899	0
TYRA308	80.0692	-332.161	-153.446	-567.234	-24.0933	786.563	-719.85	36.1722	302.074	762.964	0	0	1.12406	17.2814	246.503	-10.3794	0	-20.0548	-1.68946	0	2.79899	0
LYSA310	78.3929	-332.109	-154.69	-567.201	-23.8053	785.892	-720.012	36.1373	302.065	762.964	0	0	1.12406	17.1345	246.409	-10.3794	0	-20.0548	-1.47099	0	2.79899	0
GLNA311	78.2588	-332.167	-154.717	-567.216	-23.8058	785.893	-720.043	36.1354	302.063	762.964	0	0	1.12406	17.1345	246.405	-10.3794	0	-20.0548	-1.47099	0	2.79899	0
ASNA312	78.1629	-332.167	-154.717	-567.207	-23.8058	785.834	-720.068	36.1355	302.032	762.976	0	0	1.12406	17.1324	246.425	-10.3794	0	-20.0548	-1.47099	0	2.79899	0
THRA313	78.1492	-332.167	-154.735	-567.206	-23.8059	785.833	-720.067	36.1355	302.032	762.975	0	0	1.12406	17.136	246.424	-10.3794	0	-20.0548	-1.47099	0	2.79899	0
LYSA315	75.5507	-332.174	-156.553	-567.153	-24.329	785.863	-719.989	34.7891	302.948	763.131	0	0	1.12406	17.0044	246.423	-10.38	0	-20.0548	-1.47474	0	2.79899	0
THRA318	75.5286	-332.174	-156.59	-567.151	-24.329	785.87	-719.984	34.7922	302.95	763.13	0	0	1.12406	17.0003	246.423	-10.38	0	-20.0548	-1.47474	0	2.79899	0
ARGA321	73.6838	-332.212	-158.036	-567.201	-24.3137	785.534	-720.005	34.8156	303.069	763.132	0	0	1.12406	16.8895	246.462	-10.38	0	-20.0548	-1.47649	0	2.79899	0
VALA323	73.6485	-332.212	-158.036	-567.217	-24.3143	785.513	-720.041	34.8156	303.068	763.123	0	0	1.12406	16.936	246.459	-10.38	0	-20.0548	-1.47649	0	2.79949	0
PROA324	73.5697	-332.212	-158.038	-567.257	-24.316	785.513	-720.094	34.8163	303.104	763.104	0	0	1.12406	16.9363	246.459	-10.38	0	-20.0548	-1.47649	0	2.79949	0
ILEB2	73.5685	-332.212	-158.038	-567.258	-24.316	785.513	-720.095	34.8163	303.105	763.104	0	0	1.12406	16.9368	246.459	-10.38	0	-20.0548	-1.47649	0	2.79949	0
PHEB3	73.3286	-332.212	-158.038	-567.298	-24.316	785.493	-720.228	34.8176	303.097	763.063	0	0	1.12406	16.9368	246.459	-10.38	0	-20.0548	-1.47649	0	2.79949	0
ILEB10	73.2582	-332.212	-158.038	-567.351	-24.316	785.526	-720.326	34.8186	303.14	763.063	0	0	1.12406	16.9401	246.47	-10.38	0	-20.0548	-1.47649	0	2.79949	0
GLUB11	72.9164	-332.632	-158.458	-567.485	-24.2985	785.763	-720.47	34.8227	303.595	763.187	0	0	1.12406	16.9375	246.561	-10.38	0	-20.0548	-1.53452	0	2.79949	0
ASNB12	71.5935	-333.148	-158.992	-567.244	-24.2712	785.286	-720.35	34.5433	303.754	763.12	0	0	1.12406	16.9411	246.449	-10.38	0	-20.0548	-1.53452	0	2.79949	0
GLUB15	71.2119	-333.148	-158.992	-566.887	-24.4389	784.747	-719.815	34.5398	303.468	762.909	0	0	1.12406	16.9592	246.467	-10.38	0	-20.0548	-1.61843	0	2.79949	0
ILEB18	71.0975	-333.148	-158.992	-566.905	-24.4389	784.713	-719.88	34.5398	303.485	762.894	0	0	1.12406	16.9596	246.467	-10.38	0	-20.0548	-1.61843	0	2.79949	0
ASPB19	70.4251	-333.148	-158.992	-566.562	-24.3952	783.611	-719.548	34.5398	303.335	762.771	0	0	1.12406	16.9588	246.453	-10.3942	0	-20.0548	-1.61843	0	2.79949	0
ARGB25	69.6827	-333.158	-159.319	-566.386	-24.3569	783.147	-719.476	34.3448	303.345	762.722	0	0	1.12406	16.9576	246.432	-10.3942	0	-20.0548	-1.61243	0	2.79949	0
GLNB27	68.6165	-333.216	-160.331	-566.49	-24.3534	783.258	-719.61	34.4226	303.319	762.762	0	0	1.12406	16.9674	246.478	-10.3942	0	-20.0548	-1.61243	0	2.82535	0
ASNB28	68.5071	-333.234	-160.272	-566.488	-24.3538	783.26	-719.597	34.3325	303.316	762.764	0	0	1.12406	16.8909	246.477	-10.3942	0	-20.0548	-1.61243	0	2.82561	0
SERB29	68.0197	-333.194	-160.272	-566.237	-24.3618	782.425	-719.455	34.3167	303.144	762.842	0	0	1.12406	16.9227	246.434	-10.3942	0	-20.0548	-1.61243	0	2.82561	0
GLUB30	68.0009	-333.202	-160.281	-566.225	-24.3697	782.403	-719.439	34.3134	303.148	762.842	0	0	1.12406	16.9227	246.432	-10.3928	0	-20.0548	-1.61243	0	2.82561	0
THRB32	67.6184	-333.814	-160.887	-566.196	-24.3649	782.605	-719.165	34.3157	303.453	762.851	0	0	1.12406	16.9294	246.429	-10.3928	0	-20.0548	-1.61049	0	2.82561	0
GLNB34	67.5451	-333.801	-160.96	-566.202	-24.3651	782.612	-719.171	34.3157	303.453	762.842	0	0	1.12406	16.9296	246.429	-10.3928	0	-20.0548	-1.61049	0	2.82561	0
ASPB37	66.2082	-333.831	-162.33	-566.213	-24.3415	782.396	-719.192	34.3085	303.476	762.842	0	0	1.12406	17.2667	246.434	-10.4575	0	-20.0548	-1.61049	0	2.82561	0
LEUB38	65.7944	-333.831	-162.33	-566.431	-24.3415	782.424	-719.617	34.3085	303.667	762.841	0	0	1.12406	17.2776	246.529	-10.4575	0	-20.0548	-1.61049	0	2.82561	0
LYSB39	65.3705	-333.873	-162.337	-566.548	-24.3419	782.444	-719.812	34.2912	303.57	762.837	0	0	1.12406	17.2772	246.737	-10.4217	0	-20.0548	-1.61049	0	2.82561	0
SERB40	64.4571	-333.808	-162.431	-566.552	-24.3336	782.466	-719.811	33.2125	303.568	762.837	0	0	1.12406	17.3781	246.732	-10.3526	0	-20.0548	-1.61049	0	2.82561	0
GLNB42	64.4571	-333.808	-162.431	-566.552	-24.3336	782.466	-719.811	33.2125	303.568	762.837	0	0	1.12406	17.3781	246.732	-10.3526	0	-20.0548	-1.61049	0	2.82561	0
ASPB46	64.4308	-333.807	-162.432	-566.533	-24.3332	782.398	-719.794	33.2125	303.567	762.837	0	0	1.12406	17.3824	246.731	-10.3516	0	-20.0548	-1.61049	0	2.82561	0
GLNB47	63.0407	-334.228	-163.116	-566.474	-24.4129	781.85	-719.79	33.1804	303.839	762.837	0	0	1.12406	17.4124	246.663	-10.3361	0	-20.0548	-1.61623	0	2.82561	0
ASNB49	62.1449	-334.877	-163.748	-566.512	-24.4128	781.851	-719.817	33.1824	304.286	762.837	0	0	1.12406	17.4128	246.666	-10.3361	0	-20.0548	-1.61623	0	2.82561	0
LYSB51	62.0875	-334.886	-163.786	-566.515	-24.4177	781.857	-719.822	33.1797	304.285	762.837	0	0	1.12406	17.4125	246.664	-10.3361	0	-20.0548	-1.6162	0	2.82561	0
LEUB52	61.1825	-334.915	-163.759	-566.915	-24.4177	781.959	-720.649	33.2747	304.451	762.804	0	0	1.12406	17.407	246.582	-10.3361	0	-20.0548	-1.6162	0	2.82561	0
ASNB53	60.3386	-335.546	-164.39	-566.88	-24.4177	781.728	-720.577	33.2763	304.985	762.808	0	0	1.12406	17.4092	246.516	-10.3361	0	-20.0548	-1.6162	0	2.82561	0
ARGB54	58.1014	-336.396	-164.486	-567.161	-23.7969	780.778	-721.569	33.4392	305.227	762.959	0	0	1.12406	17.1882	247.032	-10.3306	0	-20.0548	-1.64506	0	2.82561	0
ILEB56	58.0924	-336.396	-164.486	-567.165	-23.7969	780.779	-721.577	33.4655	305.229	762.958	0	0	1.12406	17.1631	247.036	-10.3306	0	-20.0548	-1.64506	0	2.82561	0
GLUB57	57.7681	-336.373	-164.371	-567.126	-23.7802	780.53	-721.559	33.4664	305.018	762.95	0	0	1.12406	17.1649	247.021	-10.3999	0	-20.0548	-1.64629	0	2.82561	0
LYSB58	57.5294	-336.373	-164.371	-567.274	-23.8272	780.722	-721.76	33.4664	305.1	762.953	0	0	1.12406	17.1947	247.199	-10.4659	0	-20.0548	-1.73126	0	2.82561	0
THRB59	57.4765	-336.373	-164.371	-567.258	-23.8272	780.653	-721.758	33.466	305.101	762.947	0	0	1.12406	17.1974	247.198	-10.4659	0	-20.0548	-1.73126	0	2.82561	0
ASNB60	57.4019	-336.373	-164.482	-567.262	-23.8272	780.665	-721.75	33.4655	305.15	762.949	0	0	1.12406	17.1689	247.198	-10.4659	0	-20.0548	-1.73126	0	2.82561	0
GLUB61	57.3433	-336.372	-164.482	-567.28	-23.8554	780.702	-721.768	33.4779	305.17	762.953	0	0	1.12406	17.1116	247.198	-10.4656	0	-20.0548	-1.72695	0	2.80914	0
LYSB62	57.2938	-336.393	-164.482	-567.373	-23.8482	780.774	-721.882	33.4896	305.251	762.952	0	0	1.12406	17.1251	247.198	-10.4656	0	-20.0548	-1.73261	0	2.80914	0
HISB64	57.2769	-336.394	-164.482	-567.364	-23.8484	780.753	-721.882	33.491	305.251	762.944	0	0	1.12406	17.1251	247.199	-10.4658	0	-20.0548	-1.73227	0	2.8116	0
GLNB65	57.1573	-336.495	-164.516	-567.335	-23.8491	780.744	-721.848	33.4767	305.228	762.944	0	0	1.12406	17.1252	247.2	-10.4658	0	-20.0548	-1.73227	0	2.8116	0
ILEB66	57.1568	-336.495	-164.516	-567.335	-23.8495	780.744	-721.851	33.4767	305.225	762.95	0	0	1.12406	17.1252	247.199	-10.4658	0	-20.0548	-1.73227	0	2.8116	0
GLUB67	57.0968	-336.495	-164.562	-567.338	-23.8706	780.752	-721.847	33.4767	305.224	762.948	0	0	1.12406	17.1273	247.199	-10.4671	0	-20.0548	-1.73131	0	2.81119	0
LYSB68	57.0836	-336.506	-164.566	-567.339	-23.8713	780.753	-721.848	33.4767	305.224	762.949	0	0	1.12406	17.1272	247.199	-10.4671	0	-20.0548	-1.73116	0	2.81119	0
GLUB69	57.0803	-336.506	-164.566	-567.333	-23.8563	780.737	-721.845	33.4766	305.217	762.948	0	0	1.12406	17.1243	247.199	-10.4668	0	-20.0548	-1.73093	0	2.81119	0
SERB71	56.6222	-336.506	-164.207	-567.317	-23.8837	780.688	-721.835	32.8462	305.072	762.942	0	0	1.12406	17.1243	247.199	-10.4569	0	-20.0548	-1.72678	0	2.81119	0
GLUB72	56.6198	-336.506	-164.221	-567.319	-23.8855	780.694	-721.836	32.8488	305.078	762.943	0	0	1.12406	17.1243	247.199	-10.4561	0	-20.0548	-1.72693	0	2.81119	0
VALB73	56.5808	-336.506	-164.221	-567.364	-23.8855	780.734	-721.902	32.8526	305.094	762.954	0	0	1.12406	17.1262	247.199	-10.4561	0	-20.0548	-1.72693	0	2.81119	0
GLUB74	54.5723	-337.469	-165.209	-567.397	-23.7545	780.643	-722.003	32.7146	306.012	762.829	0	0	1.12406	17.2143	247.303	-11.2394	0	-20.0548	-1.64852	0	2.81119	0
ARGB76	54.3734	-337.469	-165.209	-567.553	-23.8534	780.701	-722.291	32.7146	306.184	762.829	0	0	1.12406	17.2544	247.368	-11.1383	0	-20.0548	-1.67523	0	2.81119	0
ILEB77	54.3514	-337.467	-165.209	-567.61	-23.853	780.745	-722.385	32.7146	306.225	762.829	0	0	1.12406	17.2953	247.372	-11.1383	0	-20.0548	-1.67523	0	2.81119	0
GLNB78	54.3382	-337.467	-165.192	-567.604	-23.8531	780.719	-722.388	32.7145	306.212	762.834	0	0	1.12406	17.2952	247.371	-11.1383	0	-20.0548	-1.67523	0	2.81119	0
ASPB79	54.0188	-337.467	-165.192	-567.49	-23.8819	780.163	-722.312	32.7139	306.144	762.834	0	0	1.12406	17.2948	247.346	-10.997	0	-20.0548	-1.6727	0	2.81119	0
LEUB80	53.4243	-337.497	-165.192	-567.672	-23.8749	780.122	-722.715	32.7296	306.269	762.834	0	0	1.12406	17.2065	247.388	-10.9963	0	-20.0548	-1.67071	0	2.81119	0
GLUB81	53.4243	-337.497	-165.192	-567.672	-23.8749	780.122	-722.715	32.7296	306.269	762.834	0	0	1.12406	17.2065	247.388	-10.9963	0	-20.0548	-1.67071	0	2.81119	0
LYSB82	53.348	-337.498	-165.321	-567.688	-23.8741	780.144	-722.738	32.7296	306.339	762.833	0	0	1.12406	17.2065	247.392	-10.9944	0	-20.0548	-1.67177	0	2.81119	0
TYRB83	52.6074	-337.63	-165.316	-568.067	-24.0056	780.4	-723.337	32.6368	306.685	762.833	0	0	1.12406	17.2102	247.754	-11.0109	0	-20.0548	-1.67187	0	2.81119	0
VALB84	52.604	-337.63	-165.316	-568.067	-24.0056	780.4	-723.337	32.6335	306.685	762.833	0	0	1.12406	17.2102	247.754	-11.0109	0	-20.0548	-1.67187	0	2.81119	0
GLUB85	52.604	-337.63	-165.316	-568.067	-24.0056	780.4	-723.337	32.6335	306.685	762.833	0	0	1.12406	17.2102	247.754	-11.0109	0	-20.0548	-1.67187	0	2.81119	0
ASPB86	52.42	-337.678	-165.316	-568.123	-24.1261	780.511	-723.423	32.6323	306.79	762.833	0	0	1.12406	17.2113	247.769	-11.0345	0	-20.0548	-1.73758	0	2.81119	0
THRB87	51.1413	-338.205	-165.849	-568.177	-24.1261	780.67	-723.432	31.8234	307.249	762.833	0	0	1.12406	17.2465	247.815	-11.0345	0	-20.0548	-1.73758	0	2.81119	0
LYSB88	50.1022	-338.292	-165.882	-568.462	-24.124	780.363	-724.025	31.8581	307.483	762.834	0	0	1.12406	17.2637	248.19	-11.0345	0	-20.0548	-1.76122	0	2.81119	0
ASPB90	50.0997	-338.292	-165.882	-568.46	-24.1237	780.357	-724.022	31.8583	307.482	762.834	0	0	1.12406	17.2637	248.189	-11.0345	0	-20.0548	-1.76158	0	2.81119	0
LEUB91	49.8632	-338.307	-165.882	-568.612	-24.1268	780.465	-724.301	31.8648	307.58	762.834	0	0	1.12406	17.2638	248.267	-11.0345	0	-20.0548	-1.7613	0	2.81119	0
TRPB92	49.2849	-338.337	-165.974	-568.673	-24.212	780.386	-724.503	31.7186	307.609	762.92	0	0	1.12406	17.2625	248.309	-11.0335	0	-20.0548	-1.76002	0	2.81119	0
SERB93	49.2849	-338.337	-165.974	-568.673	-24.212	780.386	-724.503	31.7186	307.609	762.92	0	0	1.12406	17.2625	248.309	-11.0335	0	-20.0548	-1.76002	0	2.81119	0
TYRB94	48.9677	-338.359	-165.974	-568.856	-24.212	780.442	-724.825	31.7186	307.771	762.92	0	0	1.12406	17.254	248.311	-11.0335	0	-20.0548	-1.76002	0	2.81119	0
ASNB95	48.6381	-338.767	-166.436	-568.855	-24.212	780.435	-724.78	31.7186	308.234	762.92	0	0	1.12406	17.2933	248.297	-11.0335	0	-20.0548	-1.76002	0	2.81119	0
GLUB97	48.5281	-338.769	-166.492	-568.838	-24.1922	780.352	-724.778	31.7186	308.233	762.915	0	0	1.12406	17.2929	248.294	-11.0335	0	-20.0548	-1.76156	0	2.81119	0
LEUB98	48.4389	-338.773	-166.492	-568.882	-24.1922	780.359	-724.88	31.7196	308.278	762.915	0	0	1.12406	17.3013	248.295	-11.0335	0	-20.0548	-1.76156	0	2.81119	0
LEUB99	48.4323	-338.773	-166.492	-568.884	-24.1922	780.357	-724.884	31.7196	308.278	762.915	0	0	1.12406	17.3023	248.295	-11.0335	0	-20.0548	-1.76156	0	2.81119	0
LEUB102	48.1536	-338.782	-166.492	-569.019	-24.1922	780.367	-725.184	31.7456	308.398	762.915	0	0	1.12406	17.3112	248.297	-11.0335	0	-20.0548	-1.76156	0	2.81119	0
GLUB103	48.152	-338.782	-166.48	-569.006	-24.1816	780.333	-725.168	31.7455	308.377	762.915	0	0	1.12406	17.3112	248.297	-11.0318	0	-20.0548	-1.76156	0	2.81119	0
GLNB105	47.2798	-338.732	-167.127	-568.829	-24.1729	779.826	-725.001	31.722	308.369	762.914	0	0	1.12406	17.2136	248.211	-11.0318	0	-20.0548	-1.75097	0	2.81119	0
H2SB106	47.2229	-338.756	-167.242	-568.88	-24.1766	779.881	-725.062	31.7164	308.516	762.914	0	0	1.12406	17.2142	248.212	-11.0318	0	-20.0548	-1.75097	0	2.81119	0
THRB107	46.7097	-338.842	-167.39	-568.865	-24.1806	779.815	-725.061	31.5275	308.545	762.912	0	0	1.12406	17.1523	248.18	-11.0324	0	-20.0548	-1.7513	0	2.81119	0
ASPB109	46.6944	-338.801	-167.28	-568.865	-24.1808	779.815	-725.061	31.5175	308.388	762.912	0	0	1.12406	17.1525	248.18	-11.0324	0	-20.0548	-1.75138	0	2.81119	0
THRB111	46.4296	-339.489	-167.708	-568.882	-24.6967	780.837	-725.064	31.9706	308.446	762.703	0	0	1.12406	17.0348	248.229	-11.0129	0	-20.0548	-2.0068	0	3.2299	0
ASPB112	46.2989	-339.235	-167.564	-568.848	-24.1652	779.756	-725.033	31.9751	308.375	762.916	0	0	1.12406	17.0261	248.226	-11.0324	0	-20.0548	-1.75119	0	2.81119	0
SERB113	45.4329	-339.92	-168.196	-568.978	-24.17	780.027	-725.102	32.0803	308.682	762.916	0	0	1.12406	16.9955	248.261	-11.0324	0	-20.0548	-1.75119	0	2.81119	0
GLUB114	45.4099	-339.92	-168.195	-568.97	-24.1743	780	-725.101	32.0643	308.684	762.916	0	0	1.12406	17.0086	248.259	-11.0312	0	-20.0548	-1.75122	0	2.81119	0
ASNB116	44.2578	-340.667	-168.958	-569	-24.665	780.825	-725.203	31.7747	309.187	762.702	0	0	1.12406	16.9874	248.282	-11.0117	0	-20.0548	-2.00911	0	3.22658	0
LYSB117	43.3203	-340.678	-168.958	-569.096	-24.311	780.243	-725.61	31.7657	309.026	762.702	0	0	1.12406	16.9539	248.249	-11.0043	0	-20.0548	-2.00907	0	3.22658	0
GLUB120	43.2928	-340.684	-168.878	-569.149	-24.3115	780.338	-725.678	31.7709	308.948	762.702	0	0	1.12406	16.9546	248.263	-11.0064	0	-20.0548	-2.00946	0	3.22658	0
LYSB121	42.6093	-340.665	-168.879	-569.04	-24.425	779.709	-725.706	31.7724	308.776	762.689	0	0	1.12406	16.9382	248.203	-10.8468	0	-20.0548	-2.00946	0	3.22658	0
THRB122	42.489	-340.657	-168.874	-569.03	-24.425	779.689	-725.698	31.7724	308.775	762.689	0	0	1.12406	16.8084	248.201	-10.8468	0	-20.0548	-2.00946	0	3.22658	0
ARGB123	42.4204	-340.654	-168.93	-569.027	-24.4512	779.675	-725.713	31.7724	308.805	762.689	0	0	1.12406	16.8084	248.195	-10.841	0	-20.0548	-2.00946	0	3.22658	0
ARGB124	42.0111	-340.56	-169.049	-568.643	-24.409	778.958	-725.36	31.7712	308.633	762.685	0	0	1.12406	16.8037	247.917	-11.1051	0	-20.0548	-2.0093	0	3.22658	0
GLNB125	41.9109	-340.56	-169.046	-568.664	-24.409	778.918	-725.427	31.7874	308.655	762.671	0	0	1.12406	16.8038	247.894	-11.1051	0	-20.0548	-2.0093	0	3.22658	0
ARGB127	40.5125	-341.329	-169.739	-568.652	-24.2695	778.944	-725.41	31.7024	309.172	762.671	0	0	1.12406	16.7668	248.298	-11.5942	0	-20.0548	-2.0093	0	3.19058	0
GLUB128	40.3125	-341.349	-169.981	-568.646	-24.3731	778.997	-725.37	31.6669	309.311	762.671	0	0	1.12406	16.7578	248.289	-11.6231	0	-20.0548	-2.0093	0	3.19058	0
ASNB129	36.4562	-342.135	-169.941	-568.648	-24.3731	778.713	-725.361	30.5393	309.293	762.869	0	0	1.12406	14.8683	248.298	-11.6231	0	-20.0548	-2.0093	0	3.19528	0
GLUB131	35.4145	-342.124	-171.195	-568.718	-24.624	778.998	-725.376	30.5433	309.533	762.877	0	0	1.12406	14.853	248.301	-11.609	0	-20.0548	-2.0084	0	3.19528	0
ASPB132	35.4145	-342.124	-171.195	-568.718	-24.624	778.998	-725.376	30.5433	309.533	762.877	0	0	1.12406	14.853	248.301	-11.609	0	-20.0548	-2.0084	0	3.19528	0
ASNB135	33.7715	-342.559	-171.604	-568.651	-24.6238	778.278	-725.337	30.5416	309.545	762.859	0	0	1.12406	14.6761	248.335	-11.609	0	-20.0548	-2.0084	0	3.19528	0
LYSB139	33.3154	-342.559	-171.604	-568.6	-24.7107	777.856	-725.346	30.5552	309.497	762.851	0	0	1.12406	14.6761	248.335	-11.5703	0	-20.0548	-1.99298	0	3.19528	0
H2SB142	33.0695	-342.559	-171.584	-568.596	-24.7108	777.866	-725.345	30.276	309.494	762.851	0	0	1.12406	14.6761	248.337	-11.5703	0	-20.0548	-1.99298	0	3.19528	0
LYSB143	32.6702	-342.559	-171.842	-568.645	-24.8473	777.825	-725.422	30.2806	309.669	762.805	0	0	1.12406	14.68	248.341	-11.5496	0	-20.0548	-1.98849	0	3.19528	0
ASPB145	32.6615	-342.574	-171.843	-568.664	-24.853	777.91	-725.424	30.2802	309.666	762.805	0	0	1.12406	14.6364	248.338	-11.5547	0	-20.0548	-1.98849	0	3.19528	0
ASNB146	32.4604	-342.574	-172.046	-568.651	-24.8527	777.894	-725.415	30.2801	309.668	762.805	0	0	1.12406	14.6312	248.338	-11.5547	0	-20.0548	-1.98849	0	3.1953	0
SERB151	32.4223	-342.589	-172.057	-568.642	-24.8527	777.864	-725.416	30.2801	309.667	762.807	0	0	1.12406	14.6389	248.336	-11.5547	0	-20.0548	-1.98849	0	3.1953	0
ARGB153	30.9299	-343.986	-173.734	-568.184	-24.9435	777.456	-724.81	30.2607	310.396	763.197	0	0	1.12406	14.5524	248.08	-11.5465	0	-20.0548	-1.98855	0	3.19108	0
ASNB154	29.7333	-344.629	-174.399	-568.285	-24.9455	777.606	-724.853	30.279	310.605	763.148	0	0	1.12406	14.4823	248.041	-11.546	0	-20.0548	-1.98855	0	3.19108	0
THRB156	29.7333	-344.629	-174.399	-568.285	-24.9455	777.606	-724.853	30.279	310.605	763.148	0	0	1.12406	14.4823	248.041	-11.546	0	-20.0548	-1.98855	0	3.19108	0
ASPB158	29.7324	-344.646	-174.416	-568.29	-24.9425	777.621	-724.857	30.2791	310.605	763.149	0	0	1.12406	14.5043	248.044	-11.5467	0	-20.0548	-1.98855	0	3.19109	0
HISB159	28.4084	-345.591	-175.311	-568.292	-25.0853	777.916	-724.832	30.2362	310.67	763.228	0	0	1.12406	14.7479	248.128	-11.7416	0	-20.0548	-1.98855	0	3.3827	0
ASPB160	28.3669	-345.591	-175.311	-568.314	-25.13	777.943	-724.871	30.2362	310.681	763.226	0	0	1.12406	14.7561	248.127	-11.7211	0	-20.0548	-1.98855	0	3.3827	0
VALB161	28.3665	-345.591	-175.311	-568.315	-25.13	777.945	-724.872	30.2362	310.682	763.226	0	0	1.12406	14.7546	248.128	-11.7211	0	-20.0548	-1.98855	0	3.3827	0
TYRB162	28.0738	-345.597	-175.311	-568.497	-25.114	778.04	-725.163	30.2302	310.71	763.271	0	0	1.12406	14.7609	248.279	-11.7211	0	-20.0548	-1.98855	0	3.3827	0
ARGB163	28.0272	-345.582	-175.311	-568.439	-25.1214	777.954	-725.125	30.2307	310.646	763.271	0	0	1.12406	14.7622	248.279	-11.7213	0	-20.0548	-1.98855	0	3.3827	0
ASPB164	27.8379	-345.592	-175.311	-568.487	-25.076	778.032	-725.146	30.2307	310.629	763.285	0	0	1.12406	14.7414	248.363	-11.9324	0	-20.0548	-1.98855	0	3.3827	0
GLUB165	27.7083	-345.611	-175.33	-568.466	-25.0657	777.883	-725.142	30.2304	310.639	763.285	0	0	1.12406	14.7515	248.363	-11.9282	0	-20.0548	-1.98866	0	3.3827	0
ASNB168	26.4804	-346.246	-175.962	-568.58	-25.0674	777.718	-725.283	30.2265	311.161	763.224	0	0	1.12406	14.7548	248.51	-11.9282	0	-20.0548	-1.98866	0	3.3827	0
ASNB169	26.4006	-346.287	-176.009	-568.579	-25.0674	777.737	-725.293	30.2265	311.161	763.222	0	0	1.12406	14.7548	248.481	-11.9282	0	-20.0548	-1.98866	0	3.3827	0
ARGB170	26.3947	-346.304	-176.01	-568.589	-25.0727	777.766	-725.294	30.227	311.157	763.223	0	0	1.12406	14.7549	248.526	-11.9281	0	-20.0548	-1.98866	0	3.3827	0
PHEB171	26.123	-346.356	-176.01	-568.863	-25.0637	777.934	-725.726	30.3164	311.374	763.224	0	0	1.12406	14.7595	248.605	-11.9281	0	-20.0548	-1.98866	0	3.3827	0
GLNB172	25.8068	-346.687	-176.364	-568.764	-25.0641	777.774	-725.645	30.3164	311.692	763.35	0	0	1.12406	14.6641	248.502	-11.9281	0	-20.0548	-1.98866	0	3.3827	0
