FoldX 3.0 Beta 6.1 (2014)
by the FoldX Consortium 
Jesper Borg, Frederic Rousseau, Joost Schymkowitz,
Luis Serrano and Francois Stricher
------------------------------------------------------

PDB file analysed: 4WE9_original.pdb
Output type: RepairPDB
4WE9_original.pdb
Starting Structure	206.487	-296.396	-91.9377	-552.713	-19.1362	778.232	-699.984	69.6351	274.322	750.072	0	0	1.12406	22.9359	240.451	-11.8049	0	-19.5629	0	0	1.69975	0
Now Optimizing Residues.
ASNA8	203.67	-296.574	-92.1124	-552.843	-19.1166	777.667	-700.163	67.4316	274.376	750.073	0	0	1.12406	23.4553	240.421	-11.8049	0	-19.5629	0	0	1.72128	0
SERA9	203.637	-296.574	-92.1124	-552.844	-19.1166	777.678	-700.156	67.4315	274.38	750.069	0	0	1.12406	23.4056	240.421	-11.8049	0	-19.5629	0	0	1.72128	0
THRA10	203.637	-296.574	-92.1124	-552.844	-19.1166	777.678	-700.156	67.4315	274.38	750.069	0	0	1.12406	23.4056	240.421	-11.8049	0	-19.5629	0	0	1.72128	0
THRA12	203.632	-296.574	-92.1124	-552.844	-19.1166	777.677	-700.156	67.4315	274.38	750.069	0	0	1.12406	23.401	240.42	-11.8049	0	-19.5629	0	0	1.72128	0
H2SA18	203.42	-296.575	-92.1124	-552.823	-19.1166	777.641	-700.117	67.4314	274.38	750.063	0	0	1.12406	23.1738	240.424	-11.8049	0	-19.5629	0	0	1.71904	0
PROA21	203.415	-296.575	-92.1124	-552.824	-19.1167	777.64	-700.119	67.4314	274.38	750.064	0	0	1.12406	23.1738	240.424	-11.8049	0	-19.5629	0	0	1.71904	0
ASNA22	203.377	-296.575	-92.1124	-552.822	-19.1167	777.639	-700.115	67.4314	274.379	750.061	0	0	1.12406	23.1321	240.424	-11.8049	0	-19.5629	0	0	1.71904	0
THRA24	203.364	-296.575	-92.1124	-552.824	-19.1167	777.637	-700.12	67.4314	274.38	750.061	0	0	1.12406	23.1264	240.424	-11.8049	0	-19.5629	0	0	1.71904	0
ILEA25	203.346	-296.577	-92.1124	-552.832	-19.1167	777.644	-700.134	67.4314	274.385	750.061	0	0	1.12406	23.1218	240.424	-11.8049	0	-19.5629	0	0	1.71904	0
LYSA27	203.302	-296.577	-92.1178	-552.824	-19.1132	777.595	-700.126	67.4314	274.375	750.062	0	0	1.12406	23.1219	240.424	-11.8049	0	-19.5629	0	0	1.71904	0
THRA28	203.258	-296.588	-92.1281	-552.792	-19.1132	777.553	-700.088	67.4032	274.375	750.061	0	0	1.12406	23.1004	240.422	-11.8049	0	-19.5629	0	0	1.71904	0
ILEA29	203.207	-296.588	-92.1281	-552.801	-19.1132	777.554	-700.108	67.4033	274.382	750.061	0	0	1.12406	23.0695	240.423	-11.8049	0	-19.5629	0	0	1.71904	0
THRA30	203.196	-296.588	-92.1281	-552.802	-19.1132	777.545	-700.109	67.4033	274.382	750.061	0	0	1.12406	23.0695	240.424	-11.8049	0	-19.5629	0	0	1.71904	0
ASNA31	203.097	-296.64	-92.1805	-552.819	-19.1132	777.577	-700.125	67.4034	274.383	750.065	0	0	1.12406	23.0711	240.426	-11.8049	0	-19.5629	0	0	1.71904	0
ASPA32	202.998	-296.64	-92.1742	-552.816	-19.1175	777.586	-700.121	67.4034	274.381	750.065	0	0	1.12406	22.9568	240.425	-11.8049	0	-19.5629	0	0	1.71904	0
GLNA33	202.984	-296.64	-92.1742	-552.819	-19.1175	777.576	-700.13	67.4034	274.389	750.064	0	0	1.12406	22.9567	240.424	-11.8049	0	-19.5629	0	0	1.71904	0
GLUA35	202.881	-296.64	-92.1729	-552.785	-19.1191	777.464	-700.113	67.3993	274.36	750.064	0	0	1.12406	22.9475	240.424	-11.8049	0	-19.5629	0	0	1.71904	0
THRA37	202.871	-296.628	-92.1723	-552.774	-19.1191	777.428	-700.111	67.3994	274.361	750.065	0	0	1.12406	22.9475	240.425	-11.8049	0	-19.5629	0	0	1.71903	0
ASNA38	202.624	-297.073	-92.6174	-552.761	-19.1191	777.356	-700.098	67.3591	274.8	750.357	0	0	1.12406	22.946	240.424	-11.8049	0	-19.5629	0	0	1.71903	0
THRA40	202.622	-297.074	-92.6174	-552.765	-19.1191	777.361	-700.103	67.3591	274.802	750.357	0	0	1.12406	22.946	240.424	-11.8049	0	-19.5629	0	0	1.71903	0
GLUA41	198.652	-297.416	-93.3241	-552.751	-19.1282	776.78	-700.102	65.0028	274.815	750.354	0	0	1.12406	22.946	240.424	-11.8054	0	-19.5629	0	0	1.71903	0
GLNA44	198.454	-297.485	-93.4988	-552.751	-19.1292	776.776	-700.104	65.0028	274.834	750.388	0	0	1.12406	22.9461	240.424	-11.8054	0	-19.5629	0	0	1.71903	0
ASNA45	198.395	-297.485	-93.4988	-552.752	-19.1292	776.779	-700.104	65.0028	274.833	750.389	0	0	1.12406	22.8854	240.425	-11.8054	0	-19.5629	0	0	1.71903	0
SERA46	198.374	-297.485	-93.4988	-552.745	-19.1292	776.756	-700.104	65.0028	274.827	750.389	0	0	1.12406	22.8854	240.424	-11.8054	0	-19.5629	0	0	1.71903	0
SERA47	198.233	-297.555	-93.5686	-552.745	-19.1292	776.757	-700.104	65.0028	274.827	750.389	0	0	1.12406	22.8854	240.423	-11.8054	0	-19.5629	0	0	1.71903	0
ILEA48	198.205	-297.555	-93.5679	-552.745	-19.1292	776.76	-700.105	65.005	274.83	750.388	0	0	1.12406	22.8492	240.424	-11.8054	0	-19.5629	0	0	1.71903	0
GLUA50	198.161	-297.555	-93.5679	-552.737	-19.1344	776.721	-700.105	65.0049	274.828	750.382	0	0	1.12406	22.8492	240.424	-11.8054	0	-19.5629	0	0	1.71903	0
ASPA53	198.134	-297.555	-93.5827	-552.727	-19.1319	776.687	-700.095	65.0049	274.828	750.378	0	0	1.12406	22.8529	240.424	-11.8054	0	-19.5629	0	0	1.71903	0
SERA54	198.123	-297.555	-93.5929	-552.733	-19.1319	776.699	-700.102	65.0049	274.828	750.378	0	0	1.12406	22.8529	240.424	-11.8054	0	-19.5629	0	0	1.71903	0
PROA55	198.121	-297.555	-93.5929	-552.733	-19.132	776.698	-700.102	65.0048	274.828	750.378	0	0	1.12406	22.8529	240.425	-11.8054	0	-19.5629	0	0	1.71894	0
H2SA56	197.31	-297.556	-93.5956	-552.716	-19.1325	776.598	-700.094	64.2996	274.82	750.366	0	0	1.12406	22.8527	240.424	-11.8054	0	-19.5629	0	0	1.71121	0
GLNA57	197.26	-297.553	-93.5956	-552.676	-19.1325	776.513	-700.06	64.2976	274.794	750.354	0	0	1.12406	22.8524	240.421	-11.8054	0	-19.5629	0	0	1.71121	0
ASPA60	196.917	-297.54	-93.5992	-552.66	-19.0955	776.443	-700.055	63.9407	274.796	750.343	0	0	1.12406	22.8777	240.423	-11.8056	0	-19.5629	0	0	1.71121	0
GLUA62	196.896	-297.54	-93.5992	-552.649	-19.1077	776.422	-700.043	63.9323	274.794	750.342	0	0	1.12406	22.8776	240.422	-11.805	0	-19.5629	0	0	1.71121	0
ASNA63	196.858	-297.539	-93.5992	-552.627	-19.1077	776.375	-700.034	63.9326	274.776	750.339	0	0	1.12406	22.8753	240.412	-11.805	0	-19.5629	0	0	1.71121	0
THRA65	196.689	-297.63	-93.6801	-552.631	-19.1066	776.383	-700.038	63.934	274.776	750.34	0	0	1.12406	22.8753	240.413	-11.805	0	-19.5629	0	0	1.71121	0
ASPA68	196.45	-297.631	-93.7015	-552.632	-19.1183	776.386	-700.04	63.738	274.775	750.34	0	0	1.12406	22.8708	240.413	-11.8103	0	-19.5629	0	0	1.71121	0
ASPA73	196.352	-297.713	-93.7836	-552.631	-19.1219	776.391	-700.035	63.7368	274.773	750.339	0	0	1.12406	22.9342	240.418	-11.81	0	-19.5629	0	0	1.71121	0
GLNA75	196.294	-297.746	-93.8156	-552.645	-19.1218	776.426	-700.035	63.737	274.788	750.345	0	0	1.12406	22.8982	240.419	-11.81	0	-19.5629	0	0	1.71121	0
CYSA76	196.294	-297.746	-93.8156	-552.645	-19.1218	776.426	-700.035	63.737	274.788	750.345	0	0	1.12406	22.8982	240.419	-11.81	0	-19.5629	0	0	1.71121	0
ASPA77	196.2	-297.746	-93.8134	-552.643	-19.107	776.372	-700.048	63.7043	274.781	750.348	0	0	1.12406	22.8886	240.415	-11.8098	0	-19.5629	0	0	1.71121	0
PHEA79	196.056	-297.747	-93.8134	-552.62	-19.1254	776.35	-700.03	63.5752	274.768	750.348	0	0	1.12406	22.8877	240.37	-11.8098	0	-19.5629	0	0	1.71121	0
GLNA80	196.053	-297.747	-93.8134	-552.618	-19.1254	776.347	-700.028	63.5745	274.767	750.348	0	0	1.12406	22.8855	240.37	-11.8098	0	-19.5629	0	0	1.71121	0
ASNA81	195.998	-297.748	-93.8134	-552.619	-19.1255	776.333	-700.03	63.5734	274.765	750.347	0	0	1.12406	22.8532	240.369	-11.8098	0	-19.5629	0	0	1.71121	0
LYSA82	195.832	-297.748	-93.8134	-552.603	-19.1241	776.179	-700.045	63.5756	274.747	750.348	0	0	1.12406	22.8531	240.371	-11.8096	0	-19.5629	0	0	1.71121	0
LYSA83	195.712	-297.748	-93.8043	-552.549	-19.0911	775.996	-700.017	63.5615	274.697	750.348	0	0	1.12406	22.853	240.371	-11.8088	0	-19.5629	0	0	1.71121	0
TRPA84	195.571	-297.744	-93.8043	-552.53	-19.0911	775.904	-700.026	63.4983	274.697	750.349	0	0	1.12406	22.853	240.356	-11.8088	0	-19.5629	0	0	1.71121	0
ASPA85	195.522	-297.76	-93.8222	-552.528	-19.0914	775.878	-700.033	63.4985	274.696	750.365	0	0	1.12406	22.8551	240.356	-11.8082	0	-19.5629	0	0	1.71121	0
GLUA89	195.467	-297.816	-93.8508	-552.528	-19.0328	775.866	-700.039	63.4985	274.695	750.365	0	0	1.12406	22.855	240.356	-11.8167	0	-19.5629	0	0	1.71121	0
ARGA90	194.411	-298.426	-94.5841	-552.496	-18.9381	775.752	-699.987	63.0351	274.694	751.017	0	0	1.12406	22.8889	240.35	-11.8176	0	-19.5629	0	0	1.71121	0
SERA91	194.345	-298.426	-94.6499	-552.497	-18.9382	775.754	-699.988	63.0351	274.694	751.017	0	0	1.12406	22.8889	240.35	-11.8176	0	-19.5629	0	0	1.71121	0
LYSA92	194.264	-298.426	-94.6499	-552.484	-18.9333	775.691	-699.982	63.0351	274.685	751.017	0	0	1.12406	22.8556	240.35	-11.8175	0	-19.5629	0	0	1.71121	0
TYRA94	194.254	-298.427	-94.6499	-552.486	-18.9333	775.694	-699.985	63.0346	274.685	751.012	0	0	1.12406	22.8543	240.349	-11.8175	0	-19.5629	0	0	1.71121	0
SERA95	193.928	-298.427	-94.5435	-552.485	-18.9334	775.69	-699.984	62.6044	274.685	751.012	0	0	1.12406	22.8543	240.349	-11.8175	0	-19.5629	0	0	1.71121	0
ASNA96	193.885	-298.427	-94.5435	-552.475	-18.9318	775.654	-699.987	62.6043	274.673	751.012	0	0	1.12406	22.8517	240.35	-11.8175	0	-19.5629	0	0	1.71121	0
CYSA97	193.841	-298.425	-94.5435	-552.476	-18.9319	775.655	-699.991	62.5621	274.672	751.013	0	0	1.12406	22.8515	240.349	-11.8175	0	-19.5629	0	0	1.71121	0
TYRA98	192.9	-298.421	-94.8978	-552.481	-18.9319	775.648	-699.997	61.9839	274.68	751.012	0	0	1.12406	22.851	240.35	-11.8175	0	-19.5629	0	0	1.71075	0
TYRA100	192.587	-298.423	-95.0927	-552.528	-18.9187	775.648	-700.085	61.9788	274.684	751.015	0	0	1.12406	22.854	240.351	-11.8175	0	-19.5629	0	0	1.71075	0
ASPA101	192.16	-298.422	-95.3364	-552.539	-18.945	775.529	-700.099	61.9788	274.78	751.015	0	0	1.12406	22.7447	240.351	-11.8166	0	-19.5629	0	0	1.71074	0
PROA103	192.154	-298.422	-95.3364	-552.541	-18.9444	775.527	-700.104	61.9804	274.78	751.014	0	0	1.12406	22.7444	240.351	-11.8166	0	-19.5629	0	0	1.71074	0
ASPA104	191.621	-298.422	-95.3364	-552.524	-18.9426	775.437	-700.091	61.4821	274.779	751.014	0	0	1.12406	22.747	240.347	-11.7941	0	-19.5629	0	0	1.71074	0
TYRA105	191.537	-298.421	-95.3364	-552.552	-18.9493	775.46	-700.114	61.4847	274.788	751.019	0	0	1.12406	22.6809	240.386	-11.7948	0	-19.5629	0	0	1.71074	0
SERA107	191.282	-298.421	-95.3364	-552.55	-18.9493	775.449	-700.112	61.2374	274.787	751.019	0	0	1.12406	22.6809	240.385	-11.7948	0	-19.5629	0	0	1.71074	0
ARGA109	190.431	-298.421	-95.4171	-552.55	-20.8123	775.444	-700.118	61.4407	275.685	751.023	0	0	1.12406	22.68	240.385	-11.7942	0	-19.5629	0	0	1.71074	0
SERA110	190.37	-298.421	-95.4687	-552.55	-20.8124	775.445	-700.118	61.4407	275.684	751.023	0	0	1.12406	22.6693	240.384	-11.7942	0	-19.5629	0	0	1.71109	0
SERA114	190.33	-298.421	-95.4687	-552.55	-20.8125	775.445	-700.118	61.4408	275.685	751.022	0	0	1.12406	22.629	240.384	-11.7942	0	-19.5629	0	0	1.71137	0
SERA115	190.009	-298.422	-95.4687	-552.549	-20.8125	775.445	-700.117	61.1198	275.684	751.022	0	0	1.12406	22.6291	240.385	-11.7942	0	-19.5629	0	0	1.71137	0
THRA117	188.333	-298.885	-95.8857	-552.549	-20.8122	775.133	-700.116	60.6352	275.684	751.022	0	0	1.12406	22.6291	240.385	-11.7942	0	-19.5629	0	0	1.71137	0
GLUA119	188.254	-298.885	-95.9677	-552.582	-20.8874	775.225	-700.152	60.6761	275.695	751.023	0	0	1.12406	22.6292	240.386	-11.7925	0	-19.5629	0	0	1.71137	0
ASNA121	188.135	-298.873	-95.9677	-552.562	-20.8876	775.182	-700.138	60.5629	275.682	751.023	0	0	1.12406	22.6325	240.386	-11.7925	0	-19.5629	0	0	1.71137	0
ASNA122	188.135	-298.873	-95.9677	-552.562	-20.8876	775.182	-700.138	60.5629	275.682	751.023	0	0	1.12406	22.6325	240.386	-11.7925	0	-19.5629	0	0	1.71137	0
GLUA123	188.088	-298.873	-96.0127	-552.561	-20.8864	775.18	-700.137	60.5577	275.684	751.023	0	0	1.12406	22.6325	240.386	-11.7925	0	-19.5629	0	0	1.71137	0
SERA124	188.088	-298.873	-96.0127	-552.56	-20.8864	775.179	-700.137	60.5577	275.684	751.022	0	0	1.12406	22.6325	240.386	-11.7925	0	-19.5629	0	0	1.71137	0
ASNA126	188.068	-298.902	-96.0464	-552.564	-20.8864	775.188	-700.139	60.5553	275.684	751.025	0	0	1.12406	22.6743	240.386	-11.7925	0	-19.5629	0	0	1.71137	0
TRPA127	187.899	-298.903	-96.0464	-552.49	-20.8864	775.086	-700.062	60.3844	275.688	750.976	0	0	1.12406	22.6724	240.362	-11.7925	0	-19.5629	0	0	1.71137	0
THRA128	187.893	-298.903	-96.0412	-552.49	-20.8864	775.085	-700.063	60.3936	275.688	750.976	0	0	1.12406	22.6539	240.362	-11.7925	0	-19.5629	0	0	1.71137	0
THRA131	187.874	-298.905	-96.0435	-552.49	-20.8864	775.094	-700.065	60.3713	275.689	750.977	0	0	1.12406	22.6532	240.362	-11.7925	0	-19.5629	0	0	1.71137	0
GLNA132	187.8	-298.905	-96.0435	-552.489	-20.8865	775.077	-700.077	60.36	275.685	750.989	0	0	1.12406	22.6101	240.36	-11.7925	0	-19.5629	0	0	1.71137	0
ASNA133	187.5	-298.905	-96.0842	-552.493	-20.8867	775.083	-700.081	60.0566	275.728	750.99	0	0	1.12406	22.6121	240.361	-11.7925	0	-19.5629	0	0	1.71137	0
THRA135	187.435	-298.93	-96.1094	-552.496	-20.8867	775.083	-700.088	60.0676	275.729	750.99	0	0	1.12406	22.5966	240.362	-11.7925	0	-19.5629	0	0	1.71137	0
SERA136	187.237	-298.93	-96.1094	-552.494	-20.8867	775.072	-700.087	59.9122	275.728	750.99	0	0	1.12406	22.5637	240.361	-11.7925	0	-19.5629	0	0	1.71137	0
SERA137	187.236	-298.93	-96.1094	-552.494	-20.8867	775.071	-700.087	59.912	275.727	750.99	0	0	1.12406	22.5637	240.361	-11.7925	0	-19.5629	0	0	1.71137	0
CYSA139	180.428	-298.929	-96.1094	-552.493	-20.8865	775.042	-700.088	57.0352	275.728	750.983	0	0	1.12406	22.5638	240.362	-11.7925	0	-23.4615	0	0	1.71137	0
ILEA140	180.382	-298.929	-96.1094	-552.508	-20.8865	775.01	-700.122	57.0362	275.734	750.996	0	0	1.12406	22.5796	240.371	-11.7925	0	-23.4615	0	0	1.71137	0
ARGA141	177.961	-298.965	-97.274	-552.528	-21.0522	774.816	-700.151	56.2334	275.726	750.997	0	0	1.12406	22.577	240.383	-11.7935	0	-23.4615	0	0	1.71137	0
ARGA142	177.876	-298.965	-97.274	-552.504	-21.0396	774.75	-700.14	56.2278	275.717	750.996	0	0	1.12406	22.5272	240.382	-11.7929	0	-23.4615	0	0	1.71137	0
SERA143	177.876	-298.965	-97.274	-552.503	-21.0396	774.749	-700.14	56.2276	275.717	750.995	0	0	1.12406	22.5272	240.381	-11.7929	0	-23.4615	0	0	1.71137	0
ASNA144	177.871	-298.965	-97.274	-552.507	-21.0396	774.75	-700.147	56.2278	275.717	751.001	0	0	1.12406	22.526	240.383	-11.7929	0	-23.4615	0	0	1.71137	0
ASNA145	177.828	-298.965	-97.274	-552.496	-21.0396	774.711	-700.152	56.2271	275.716	750.992	0	0	1.12406	22.5271	240.382	-11.7929	0	-23.4615	0	0	1.71137	0
SERA146	177.813	-298.964	-97.274	-552.494	-21.0393	774.701	-700.151	56.2192	275.715	750.992	0	0	1.12406	22.5271	240.382	-11.7929	0	-23.4615	0	0	1.71137	0
PHEA147	177.65	-298.964	-97.274	-552.53	-21.0402	774.699	-700.208	56.1415	275.716	751.001	0	0	1.12406	22.5273	240.377	-11.7929	0	-23.4615	0	0	1.71137	0
SERA149	177.65	-298.965	-97.274	-552.529	-21.0406	774.699	-700.207	56.1421	275.715	751.001	0	0	1.12406	22.5273	240.377	-11.7929	0	-23.4615	0	0	1.71137	0
ARGA150	177.572	-298.966	-97.274	-552.551	-21.1055	774.72	-700.223	56.1532	275.737	751.001	0	0	1.12406	22.5152	240.394	-11.8087	0	-23.4615	0	0	1.71137	0
ASNA152	177.474	-298.993	-97.3032	-552.56	-21.1059	774.711	-700.248	56.1527	275.734	751.006	0	0	1.12406	22.5155	240.394	-11.8087	0	-23.4615	0	0	1.71137	0
THRA155	177.453	-298.992	-97.3032	-552.547	-21.1059	774.682	-700.242	56.1487	275.728	751.006	0	0	1.12406	22.5145	240.393	-11.8087	0	-23.4615	0	0	1.71137	0
H2SA156	177.255	-298.975	-97.2858	-552.511	-21.1059	774.615	-700.223	56.1434	275.727	750.996	0	0	1.12406	22.3094	240.362	-11.8087	0	-23.4615	0	0	1.71116	0
LEUA157	177.251	-298.973	-97.2858	-552.509	-21.1059	774.609	-700.221	56.1407	275.728	750.995	0	0	1.12406	22.3084	240.361	-11.8087	0	-23.4615	0	0	1.71116	0
ASNA158	177.238	-298.973	-97.2858	-552.498	-21.1059	774.583	-700.216	56.1403	275.726	750.995	0	0	1.12406	22.3084	240.315	-11.8087	0	-23.4615	0	0	1.71116	0
PHEA159	177.209	-298.973	-97.2858	-552.514	-21.1059	774.583	-700.247	56.1417	275.737	751	0	0	1.12406	22.308	240.318	-11.8087	0	-23.4615	0	0	1.71087	0
LYSA160	177.198	-298.973	-97.2858	-552.502	-21.1059	774.558	-700.241	56.1418	275.733	751	0	0	1.12406	22.3081	240.271	-11.8087	0	-23.4615	0	0	1.71087	0
TYRA161	177.196	-298.974	-97.2858	-552.521	-21.1059	774.572	-700.265	56.1419	275.74	751.005	0	0	1.12406	22.3227	240.271	-11.8087	0	-23.4615	0	0	1.71087	0
PROA162	177.194	-298.974	-97.2858	-552.524	-21.1059	774.577	-700.272	56.1419	275.742	751.006	0	0	1.12406	22.3227	240.271	-11.8087	0	-23.4615	0	0	1.71087	0
ASNA165	177.17	-298.974	-97.2858	-552.516	-21.1059	774.553	-700.272	56.1419	275.734	751.007	0	0	1.12406	22.3228	240.272	-11.8087	0	-23.4615	0	0	1.71087	0
VALA166	177.034	-298.973	-97.2858	-552.545	-21.1059	774.552	-700.339	56.1419	275.747	751.006	0	0	1.12406	22.2722	240.272	-11.8087	0	-23.4615	0	0	1.71087	0
THRA167	176.997	-298.973	-97.2858	-552.552	-21.1059	774.544	-700.358	56.1419	275.748	751.001	0	0	1.12406	22.2723	240.272	-11.8087	0	-23.4615	0	0	1.71087	0
PROA169	176.94	-298.972	-97.2858	-552.549	-21.0844	774.473	-700.369	56.1419	275.749	751	0	0	1.12406	22.2722	240.272	-11.8087	0	-23.4615	0	0	1.71087	0
ASNA170	176.763	-299.069	-97.3836	-552.555	-21.083	774.48	-700.375	56.1396	275.749	751.014	0	0	1.12406	22.2803	240.275	-11.8087	0	-23.4615	0	0	1.71087	0
ASNA171	176.754	-299.067	-97.3836	-552.549	-21.083	774.463	-700.37	56.1396	275.747	751.014	0	0	1.12406	22.2803	240.274	-11.8087	0	-23.4615	0	0	1.71087	0
GLUA172	176.738	-299.067	-97.3836	-552.542	-21.0943	774.441	-700.362	56.1414	275.748	751.012	0	0	1.12406	22.2801	240.271	-11.8087	0	-23.4615	0	0	1.71087	0
GLNA173	176.714	-299.067	-97.3836	-552.534	-21.0943	774.417	-700.36	56.1414	275.748	751.002	0	0	1.12406	22.2801	240.27	-11.8087	0	-23.4615	0	0	1.71087	0
PHEA174	176.692	-299.067	-97.3836	-552.52	-21.0923	774.396	-700.346	56.1195	275.746	750.994	0	0	1.12406	22.2801	240.271	-11.8087	0	-23.4615	0	0	1.71087	0
ASPA175	176.616	-299.059	-97.3836	-552.503	-21.0872	774.305	-700.346	56.1195	275.747	750.987	0	0	1.12406	22.2718	240.271	-11.8088	0	-23.4615	0	0	1.71087	0
LYSA176	176.601	-298.989	-97.3943	-552.493	-21.0858	774.23	-700.352	56.1293	275.745	750.975	0	0	1.12406	22.2717	240.246	-11.8088	0	-23.4615	0	0	1.71087	0
TYRA178	175.773	-299.008	-97.3421	-552.568	-21.0728	774.233	-700.499	55.4704	275.738	750.984	0	0	1.12406	22.2732	240.245	-11.8088	0	-23.4615	0	0	1.71087	0
TRPA180	175.546	-298.991	-97.3421	-552.523	-21.0728	774.11	-700.465	55.3268	275.728	750.983	0	0	1.12406	22.2279	240.243	-11.8088	0	-23.4615	0	0	1.71087	0
H2SA183	175.215	-298.992	-97.32	-552.539	-21.0728	774.125	-700.488	54.9892	275.737	750.983	0	0	1.12406	22.2275	240.244	-11.8088	0	-23.4615	0	0	1.71081	0
THRA187	175.123	-298.992	-97.32	-552.505	-21.0727	774.059	-700.436	54.9793	275.727	750.983	0	0	1.12406	22.1348	240.241	-11.8088	0	-23.4615	0	0	1.71081	0
ASPA188	175.105	-298.992	-97.32	-552.497	-21.0726	774.035	-700.427	54.9793	275.723	750.979	0	0	1.12406	22.1348	240.242	-11.8113	0	-23.4615	0	0	1.71081	0
LYSA189	175.054	-298.992	-97.32	-552.493	-21.0668	774.026	-700.421	54.975	275.714	750.979	0	0	1.12406	22.0903	240.238	-11.8122	0	-23.4615	0	0	1.71081	0
ASPA190	174.988	-298.992	-97.32	-552.467	-21.0643	773.932	-700.407	54.9681	275.695	750.978	0	0	1.12406	22.0899	240.219	-11.7981	0	-23.4615	0	0	1.71081	0
GLNA191	174.2	-299.3	-97.5892	-552.478	-21.0643	773.741	-700.428	54.968	275.693	750.988	0	0	1.12406	22.0939	240.234	-11.7981	0	-23.4615	0	0	1.71081	0
ILEA192	174.175	-299.3	-97.5892	-552.491	-21.0643	773.745	-700.455	54.9687	275.704	750.989	0	0	1.12406	22.0936	240.233	-11.7981	0	-23.4615	0	0	1.71081	0
PHEA193	174.12	-299.3	-97.5892	-552.519	-21.0653	773.745	-700.509	54.9688	275.731	750.989	0	0	1.12406	22.0936	240.233	-11.7985	0	-23.4615	0	0	1.71076	0
GLNA197	174.028	-299.297	-97.5885	-552.453	-21.0653	773.647	-700.44	54.9319	275.677	750.981	0	0	1.12406	22.0608	240.227	-11.7985	0	-23.4615	0	0	1.71076	0
SERA198	174.028	-299.297	-97.5885	-552.453	-21.0653	773.646	-700.44	54.9319	275.677	750.98	0	0	1.12406	22.0608	240.227	-11.7985	0	-23.4615	0	0	1.71076	0
SERA199	173.954	-299.297	-97.5885	-552.451	-21.0653	773.639	-700.439	54.8641	275.676	750.98	0	0	1.12406	22.0608	240.227	-11.7985	0	-23.4615	0	0	1.71076	0
ARGA201	173.936	-299.297	-97.5885	-552.448	-21.0651	773.616	-700.437	54.8638	275.673	750.979	0	0	1.12406	22.0646	240.227	-11.7985	0	-23.4615	0	0	1.71076	0
THRA203	173.936	-299.297	-97.5885	-552.448	-21.0651	773.616	-700.437	54.8638	275.673	750.979	0	0	1.12406	22.0646	240.227	-11.7985	0	-23.4615	0	0	1.71076	0
VALA204	173.872	-299.298	-97.5885	-552.45	-21.0651	773.616	-700.44	54.8106	275.674	750.979	0	0	1.12406	22.0584	240.227	-11.7985	0	-23.4615	0	0	1.71076	0
SERA205	173.836	-299.303	-97.5937	-552.441	-21.0651	773.589	-700.441	54.8106	275.669	750.979	0	0	1.12406	22.059	240.227	-11.7985	0	-23.4615	0	0	1.71076	0
THRA206	173.791	-299.332	-97.6226	-552.441	-21.065	773.592	-700.436	54.8132	275.669	750.979	0	0	1.12406	22.0592	240.228	-11.7985	0	-23.4615	0	0	1.71076	0
LYSA207	173.776	-299.365	-97.6379	-552.452	-21.0665	773.615	-700.441	54.8131	275.689	750.987	0	0	1.12406	22.0592	240.228	-11.7985	0	-23.4615	0	0	1.71076	0
ARGA208	173.664	-299.365	-97.6379	-552.401	-21.0594	773.486	-700.426	54.8069	275.659	750.986	0	0	1.12406	22.0395	240.225	-11.7985	0	-23.4615	0	0	1.71076	0
SERA209	173.664	-299.365	-97.6379	-552.4	-21.0594	773.485	-700.425	54.8054	275.659	750.987	0	0	1.12406	22.0395	240.225	-11.7985	0	-23.4615	0	0	1.71076	0
GLNA210	173.656	-299.365	-97.6379	-552.396	-21.0594	773.479	-700.422	54.8054	275.657	750.984	0	0	1.12406	22.0371	240.225	-11.7985	0	-23.4615	0	0	1.71076	0
GLNA211	173.625	-299.393	-97.666	-552.396	-21.0594	773.474	-700.419	54.8064	275.684	750.984	0	0	1.12406	22.0354	240.225	-11.7985	0	-23.4615	0	0	1.71076	0
ILEA214	173.624	-299.393	-97.666	-552.396	-21.0594	773.473	-700.419	54.8064	275.685	750.983	0	0	1.12406	22.0354	240.225	-11.7985	0	-23.4615	0	0	1.71076	0
ASNA216	173.614	-299.393	-97.666	-552.392	-21.0594	773.464	-700.417	54.8063	275.682	750.981	0	0	1.12406	22.0307	240.225	-11.7985	0	-23.4615	0	0	1.71076	0
SERA219	173.613	-299.393	-97.666	-552.391	-21.0594	773.462	-700.416	54.8063	275.682	750.982	0	0	1.12406	22.0307	240.225	-11.7985	0	-23.4615	0	0	1.71076	0
ARGA220	173.433	-299.356	-97.6676	-552.272	-21.0818	773.174	-700.368	54.8049	275.63	750.975	0	0	1.12406	22.0208	240.225	-11.7993	0	-23.4615	0	0	1.7102	0
PROA221	173.432	-299.356	-97.6676	-552.274	-21.0818	773.177	-700.371	54.8053	275.631	750.975	0	0	1.12406	22.0208	240.225	-11.7993	0	-23.4615	0	0	1.7102	0
ARGA222	172.756	-299.356	-97.6758	-552.233	-21.0827	773.114	-700.34	54.1529	275.614	750.97	0	0	1.12406	22.0193	240.221	-11.8003	0	-23.4615	0	0	1.7102	0
ILEA223	172.679	-299.356	-97.6785	-552.237	-21.0814	773.124	-700.342	54.1542	275.614	750.969	0	0	1.12406	21.9404	240.221	-11.8003	0	-23.4615	0	0	1.7102	0
ARGA224	172.454	-299.398	-97.7198	-552.188	-21.0852	773.006	-700.338	54.0659	275.633	750.971	0	0	1.12406	21.9345	240.212	-11.7999	0	-23.4615	0	0	1.7102	0
ASNA225	172.427	-299.398	-97.7268	-552.187	-21.0852	773.003	-700.338	54.0432	275.636	750.971	0	0	1.12406	21.9346	240.212	-11.7999	0	-23.4615	0	0	1.7102	0
SERA228	172.35	-299.398	-97.7383	-552.199	-21.0852	773.028	-700.349	54.0654	275.636	750.971	0	0	1.12406	21.8464	240.212	-11.7999	0	-23.4615	0	0	1.71026	0
ARGA229	171.769	-299.491	-97.8337	-552.187	-21.0981	772.978	-700.349	53.7223	275.635	750.976	0	0	1.12406	21.8446	240.21	-11.7999	0	-23.4615	0	0	1.71026	0
SERA231	171.748	-299.491	-97.8471	-552.164	-21.0984	772.928	-700.33	53.7223	275.635	750.977	0	0	1.12406	21.8433	240.21	-11.7999	0	-23.4615	0	0	1.71016	0
TYRA233	171.662	-299.491	-97.8471	-552.227	-21.0984	772.97	-700.411	53.7382	275.633	750.978	0	0	1.12406	21.8435	240.21	-11.7999	0	-23.4615	0	0	1.71048	0
TRPA234	171.551	-299.491	-97.8471	-552.252	-21.0984	772.973	-700.461	53.7003	275.632	750.978	0	0	1.12406	21.8434	240.208	-11.7999	0	-23.4615	0	0	1.71048	0
THRA235	171.401	-299.491	-97.8471	-552.231	-21.0984	772.929	-700.43	53.7042	275.638	750.978	0	0	1.12406	21.676	240.208	-11.7999	0	-23.4615	0	0	1.71048	0
ILEA236	171.294	-299.491	-97.8471	-552.257	-21.098	772.928	-700.49	53.7042	275.646	750.979	0	0	1.12406	21.6472	240.208	-11.7999	0	-23.4615	0	0	1.71048	0
LYSA238	171.28	-299.491	-97.8471	-552.255	-21.1138	772.922	-700.491	53.7042	275.653	750.979	0	0	1.12406	21.6473	240.208	-11.7999	0	-23.4615	0	0	1.71048	0
PROA239	171.229	-299.491	-97.8471	-552.264	-21.1138	772.926	-700.508	53.6722	275.653	750.982	0	0	1.12406	21.6473	240.21	-11.7999	0	-23.4615	0	0	1.71048	0
ASPA241	170.404	-299.545	-97.8999	-552.266	-21.1221	772.967	-700.511	52.9098	275.661	750.982	0	0	1.12406	21.6559	240.21	-11.7999	0	-23.4615	0	0	1.71048	0
ILEA242	170.358	-299.544	-97.8999	-552.282	-21.122	772.96	-700.549	52.9094	275.671	750.982	0	0	1.12406	21.6594	240.21	-11.7999	0	-23.4615	0	0	1.71048	0
LEUA244	170.303	-299.542	-97.8999	-552.256	-21.122	772.928	-700.522	52.9094	275.647	750.982	0	0	1.12406	21.606	240.21	-11.7999	0	-23.4615	0	0	1.71048	0
ASNA246	169.824	-299.541	-97.8999	-552.253	-21.122	772.919	-700.522	52.6733	275.645	750.984	0	0	1.12406	21.3678	240.209	-11.7999	0	-23.4615	0	0	1.71048	0
SERA247	169.586	-299.562	-97.9219	-552.253	-21.122	772.919	-700.522	52.4707	275.645	750.984	0	0	1.12406	21.3754	240.209	-11.7999	0	-23.4615	0	0	1.71048	0
THRA248	169.511	-299.562	-97.9219	-552.26	-21.122	772.916	-700.541	52.47	275.648	750.989	0	0	1.12406	21.3215	240.209	-11.7999	0	-23.4615	0	0	1.71048	0
ASNA250	169.411	-299.61	-97.9783	-552.266	-21.122	772.934	-700.539	52.4683	275.648	750.991	0	0	1.12406	21.3117	240.207	-11.7999	0	-23.4615	0	0	1.71048	0
ARGA255	167.904	-299.941	-99.4356	-552.179	-21.1441	772.61	-700.511	52.1408	276.493	750.982	0	0	1.12406	21.3122	240.146	-11.7978	0	-23.4615	0	0	1.71048	0
TYRA257	167.797	-299.938	-99.4356	-552.151	-21.1839	772.571	-700.497	52.0763	276.484	750.989	0	0	1.12406	21.3069	240.146	-11.7978	0	-23.4615	0	0	1.71048	0
LYSA259	167.646	-299.937	-99.4356	-552.135	-21.2082	772.452	-700.501	52.0762	276.464	750.989	0	0	1.12406	21.3071	240.146	-11.7985	0	-23.4615	0	0	1.71048	0
ARGA261	167.53	-299.937	-99.4356	-552.074	-21.1695	772.324	-700.459	52.0161	276.411	750.975	0	0	1.12406	21.304	240.146	-11.7976	0	-23.4615	0	0	1.71048	0
SERA262	167.496	-299.937	-99.4356	-552.074	-21.1695	772.324	-700.459	52.0161	276.411	750.975	0	0	1.12406	21.2699	240.146	-11.7976	0	-23.4615	0	0	1.71048	0
LYSA264	167.46	-299.937	-99.4355	-552.068	-21.1523	772.293	-700.456	52.0069	276.382	750.982	0	0	1.12406	21.2699	240.146	-11.7979	0	-23.4615	0	0	1.71048	0
SERA265	167.452	-299.937	-99.4354	-552.067	-21.1523	772.288	-700.456	52.0034	276.381	750.983	0	0	1.12406	21.27	240.146	-11.7979	0	-23.4615	0	0	1.71048	0
SERA266	167.382	-299.937	-99.503	-552.066	-21.1522	772.284	-700.455	52.0016	276.381	750.983	0	0	1.12406	21.27	240.146	-11.7979	0	-23.4615	0	0	1.71011	0
ARGA269	167.302	-299.937	-99.503	-552.054	-21.1187	772.23	-700.461	52.0023	276.32	750.975	0	0	1.12406	21.2714	240.146	-11.7954	0	-23.4615	0	0	1.71011	0
SERA270	167.226	-299.95	-99.5152	-552.053	-21.1185	772.229	-700.461	51.9902	276.32	750.975	0	0	1.12406	21.2327	240.147	-11.7954	0	-23.4615	0	0	1.71011	0
ASPA271	167.203	-299.941	-99.4946	-552.052	-21.1173	772.204	-700.476	51.9775	276.325	750.975	0	0	1.12406	21.225	240.147	-11.7953	0	-23.4615	0	0	1.71011	0
PROA273	167.197	-299.941	-99.4944	-552.056	-21.1172	772.207	-700.484	51.9772	276.328	750.975	0	0	1.12406	21.2249	240.147	-11.7953	0	-23.4615	0	0	1.71011	0
LYSA276	167.186	-299.93	-99.4944	-552.045	-21.1316	772.191	-700.475	51.9772	276.329	750.962	0	0	1.12406	21.225	240.147	-11.7953	0	-23.4615	0	0	1.71011	0
ASNA278	167.156	-299.927	-99.4944	-552.036	-21.1316	772.158	-700.479	51.9773	276.328	750.956	0	0	1.12406	21.2271	240.136	-11.7953	0	-23.4615	0	0	1.71011	0
SERA279	167.156	-299.927	-99.4944	-552.036	-21.1316	772.158	-700.479	51.9773	276.328	750.956	0	0	1.12406	21.2271	240.136	-11.7953	0	-23.4615	0	0	1.71011	0
GLUA280	167.098	-299.927	-99.4944	-552.023	-21.1426	772.105	-700.472	51.973	276.316	750.955	0	0	1.12406	21.2327	240.136	-11.7953	0	-23.4615	0	0	1.70723	0
ASNA285	167.023	-299.927	-99.5687	-551.999	-21.1426	772.063	-700.453	51.9725	276.316	750.954	0	0	1.12406	21.2325	240.134	-11.7953	0	-23.4615	0	0	1.70723	0
SERA287	166.995	-299.922	-99.5771	-552.004	-21.1426	772.059	-700.466	51.964	276.322	750.954	0	0	1.12406	21.2325	240.134	-11.7953	0	-23.4615	0	0	1.70723	0
PROA289	166.995	-299.922	-99.5771	-552.004	-21.1426	772.059	-700.466	51.964	276.322	750.954	0	0	1.12406	21.2325	240.134	-11.7953	0	-23.4615	0	0	1.70723	0
ASNA290	166.943	-299.931	-99.5851	-551.98	-21.1426	771.998	-700.458	51.9639	276.322	750.951	0	0	1.12406	21.2315	240.118	-11.7953	0	-23.4615	0	0	1.70723	0
ASPA291	166.91	-299.931	-99.5839	-551.971	-21.1438	771.961	-700.458	51.9639	276.322	750.946	0	0	1.12406	21.2315	240.118	-11.7954	0	-23.4615	0	0	1.70723	0
LYSA292	166.57	-299.948	-99.9679	-551.975	-21.1728	772.032	-700.449	51.9639	276.328	750.953	0	0	1.12406	21.2315	240.121	-11.7947	0	-23.4615	0	0	1.70723	0
GLNA295	165.375	-300.18	-100.22	-551.972	-21.1728	771.58	-700.442	51.6898	276.329	750.956	0	0	1.12406	21.2327	240.11	-11.7947	0	-23.4615	0	0	1.70723	0
ASNA296	164.213	-300.698	-100.689	-551.976	-21.1728	771.375	-700.445	51.6726	276.452	750.925	0	0	1.12406	21.1941	240.112	-11.7947	0	-23.4615	0	0	1.70723	0
ASNA298	163.884	-300.797	-100.918	-551.96	-21.1728	771.346	-700.428	51.6727	276.45	750.923	0	0	1.12406	21.1941	240.11	-11.7947	0	-23.4615	0	0	1.70723	0
ARGA299	163.853	-300.799	-100.918	-552.016	-21.2236	771.414	-700.485	51.6734	276.513	750.924	0	0	1.12406	21.1948	240.113	-11.7946	0	-23.4615	0	0	1.70723	0
THRA301	163.817	-300.799	-100.918	-551.993	-21.2237	771.357	-700.472	51.6697	276.504	750.924	0	0	1.12406	21.1929	240.113	-11.7946	0	-23.4615	0	0	1.70723	0
ARGA307	163.7	-300.799	-100.918	-551.948	-21.2567	771.268	-700.435	51.6532	276.443	750.924	0	0	1.12406	21.193	240.113	-11.795	0	-23.4615	0	0	1.70723	0
TYRA308	163.636	-300.81	-100.916	-551.951	-21.2569	771.241	-700.454	51.6505	276.447	750.917	0	0	1.12406	21.1937	240.099	-11.795	0	-23.4615	0	0	1.70723	0
LYSA310	163.536	-300.808	-100.915	-551.931	-21.2473	771.123	-700.446	51.6486	276.427	750.917	0	0	1.12406	21.1934	240.097	-11.795	0	-23.4615	0	0	1.70723	0
GLNA311	163.409	-300.861	-100.995	-551.932	-21.2473	771.123	-700.449	51.6476	276.438	750.917	0	0	1.12406	21.1935	240.093	-11.795	0	-23.4615	0	0	1.70723	0
SERA312	163.407	-300.861	-100.995	-551.932	-21.2473	771.122	-700.449	51.6476	276.438	750.916	0	0	1.12406	21.1935	240.093	-11.795	0	-23.4615	0	0	1.70723	0
THRA313	163.375	-300.861	-101.039	-551.932	-21.2475	771.122	-700.45	51.6599	276.438	750.916	0	0	1.12406	21.1935	240.093	-11.795	0	-23.4615	0	0	1.70723	0
LYSA315	163.205	-300.86	-101.039	-551.907	-21.2489	770.944	-700.456	51.6596	276.422	750.922	0	0	1.12406	21.1935	240.093	-11.795	0	-23.4615	0	0	1.70723	0
THRA318	163.168	-300.867	-101.039	-551.919	-21.2489	770.947	-700.477	51.6597	276.421	750.922	0	0	1.12406	21.1934	240.093	-11.795	0	-23.4615	0	0	1.70723	0
ARGA321	163.079	-300.867	-101.039	-551.884	-21.2389	770.867	-700.451	51.6586	276.409	750.914	0	0	1.12406	21.1357	240.093	-11.795	0	-23.4615	0	0	1.70723	0
ASNA322	163.049	-300.882	-101.052	-551.888	-21.2389	770.873	-700.455	51.6588	276.406	750.917	0	0	1.12406	21.1355	240.093	-11.795	0	-23.4615	0	0	1.70723	0
VALA323	163.017	-300.881	-101.052	-551.891	-21.239	770.875	-700.457	51.6587	276.406	750.918	0	0	1.12406	21.1039	240.093	-11.795	0	-23.4615	0	0	1.70723	0
PROA324	162.991	-300.881	-101.051	-551.878	-21.2393	770.835	-700.444	51.6587	276.394	750.918	0	0	1.12406	21.1038	240.093	-11.795	0	-23.4615	0	0	1.70723	0
GLUA325	162.978	-300.881	-101.051	-551.878	-21.2386	770.825	-700.445	51.6587	276.393	750.918	0	0	1.12406	21.102	240.093	-11.795	0	-23.4615	0	0	1.70723	0
ILEA331	162.9	-300.881	-101.051	-551.901	-21.2389	770.824	-700.491	51.6589	276.404	750.92	0	0	1.12406	21.0814	240.095	-11.795	0	-23.4615	0	0	1.70723	0
PHEA332	162.853	-300.884	-101.051	-551.935	-21.2559	770.866	-700.54	51.6639	276.408	750.923	0	0	1.12406	21.0829	240.1	-11.795	0	-23.4615	0	0	1.70723	0
PHEA338	162.798	-300.884	-101.051	-551.954	-21.2559	770.863	-700.577	51.664	276.407	750.927	0	0	1.12406	21.0825	240.102	-11.795	0	-23.4615	0	0	1.70723	0
GLUA340	162.791	-300.884	-101.051	-551.952	-21.2619	770.859	-700.574	51.664	276.408	750.926	0	0	1.12406	21.0823	240.102	-11.795	0	-23.4615	0	0	1.70723	0
ASNA341	162.707	-300.93	-101.097	-551.97	-21.2619	770.892	-700.589	51.664	276.406	750.936	0	0	1.12406	21.0823	240.117	-11.795	0	-23.4615	0	0	1.70723	0
GLUA344	162.689	-300.93	-101.097	-551.952	-21.2626	770.86	-700.568	51.664	276.387	750.933	0	0	1.12406	21.079	240.118	-11.795	0	-23.4615	0	0	1.70723	0
VALA347	162.676	-300.93	-101.097	-551.96	-21.2626	770.859	-700.589	51.664	276.387	750.94	0	0	1.12406	21.0892	240.118	-11.795	0	-23.4615	0	0	1.70723	0
ASPA348	162.646	-300.93	-101.097	-551.963	-21.262	770.851	-700.595	51.664	276.387	750.934	0	0	1.12406	21.0818	240.118	-11.7958	0	-23.4615	0	0	1.70723	0
ARGA354	160.765	-300.929	-102.577	-551.908	-21.2513	770.747	-700.558	50.7729	276.889	750.923	0	0	1.12406	21.0813	240.101	-11.7958	0	-23.4615	0	0	1.70723	0
H1SA355	160.712	-300.928	-102.577	-551.934	-21.251	770.758	-700.597	50.7766	276.888	750.923	0	0	1.12406	21.0818	240.1	-11.7958	0	-23.4615	0	0	1.7056	0
GLNA356	160.689	-300.928	-102.577	-551.927	-21.251	770.735	-700.591	50.7765	276.886	750.919	0	0	1.12406	21.0723	240.1	-11.7958	0	-23.4615	0	0	1.7056	0
ASNA357	160.556	-300.925	-102.611	-551.912	-21.2507	770.694	-700.591	50.6736	276.889	750.922	0	0	1.12406	21.0964	240.102	-11.7958	0	-23.4615	0	0	1.70519	0
SERA358	160.555	-300.925	-102.611	-551.911	-21.2506	770.691	-700.591	50.6735	276.888	750.922	0	0	1.12406	21.0964	240.101	-11.7958	0	-23.4615	0	0	1.70519	0
GLUA359	160.498	-300.939	-102.625	-551.882	-21.2568	770.613	-700.566	50.6733	276.888	750.922	0	0	1.12406	21.096	240.1	-11.7932	0	-23.4615	0	0	1.70519	0
ARGA361	160.456	-300.939	-102.625	-551.863	-21.2571	770.558	-700.562	50.6733	276.882	750.922	0	0	1.12406	21.0934	240.1	-11.7932	0	-23.4615	0	0	1.70519	0
GLNA363	159.32	-301.421	-103.138	-551.856	-21.257	770.554	-700.558	50.5233	276.882	750.923	0	0	1.12406	21.0934	240.1	-11.7932	0	-23.4615	0	0	1.70519	0
ASPA366	159.139	-301.431	-103.258	-551.85	-21.2391	770.534	-700.556	50.5233	276.877	750.923	0	0	1.12406	21.0934	240.105	-11.8446	0	-23.4615	0	0	1.70519	0
LEUA367	159.117	-301.431	-103.258	-551.86	-21.2391	770.539	-700.575	50.5233	276.879	750.922	0	0	1.12406	21.0934	240.107	-11.8446	0	-23.4615	0	0	1.70519	0
LYSA368	159.039	-301.431	-103.258	-551.85	-21.2426	770.453	-700.573	50.5233	276.877	750.922	0	0	1.12406	21.0934	240.105	-11.844	0	-23.4615	0	0	1.70519	0
SERA369	158.995	-301.438	-103.262	-551.84	-21.2381	770.408	-700.575	50.5233	276.877	750.922	0	0	1.12406	21.0943	240.106	-11.844	0	-23.4615	0	0	1.70519	0
GLNA371	158.927	-301.44	-103.417	-551.847	-21.2381	770.425	-700.579	50.5233	276.96	750.922	0	0	1.12406	21.0944	240.107	-11.844	0	-23.4615	0	0	1.70519	0
ILEA374	158.87	-301.443	-103.417	-551.865	-21.2381	770.448	-700.602	50.5233	276.968	750.922	0	0	1.12406	21.049	240.153	-11.844	0	-23.4615	0	0	1.70519	0
ASPA375	158.859	-301.442	-103.411	-551.855	-21.2394	770.416	-700.593	50.5233	276.963	750.922	0	0	1.12406	21.049	240.15	-11.8423	0	-23.4615	0	0	1.70519	0
GLNA376	158.823	-301.442	-103.411	-551.848	-21.2394	770.385	-700.605	50.5233	276.964	750.922	0	0	1.12406	21.049	240.151	-11.8423	0	-23.4615	0	0	1.70519	0
ASNA378	158.804	-301.439	-103.411	-551.832	-21.2394	770.349	-700.594	50.5233	276.95	750.922	0	0	1.12406	21.049	240.149	-11.8423	0	-23.4615	0	0	1.70519	0
LYSA380	158.687	-301.415	-103.521	-551.832	-21.2527	770.36	-700.59	50.491	276.95	750.922	0	0	1.12406	21.0492	240.147	-11.8427	0	-23.4615	0	0	1.70519	0
ASNA382	158.678	-301.415	-103.521	-551.815	-21.2527	770.329	-700.575	50.491	276.94	750.922	0	0	1.12406	21.0492	240.143	-11.8427	0	-23.4615	0	0	1.70519	0
ARGA383	158.571	-301.415	-103.562	-551.807	-21.2576	770.282	-700.584	50.483	276.946	750.917	0	0	1.12406	21.0327	240.119	-11.833	0	-23.4615	0	0	1.70519	0
ILEA385	158.552	-301.417	-103.562	-551.813	-21.2576	770.282	-700.596	50.483	276.95	750.919	0	0	1.12406	21.0284	240.126	-11.833	0	-23.4615	0	0	1.70519	0
LYSA387	157.853	-301.984	-104.112	-551.882	-21.2473	770.339	-700.675	50.4889	277.438	750.941	0	0	1.12406	21.0281	240.176	-11.8504	0	-23.4615	0	0	1.70519	0
THRA388	157.826	-301.984	-104.112	-551.899	-21.2473	770.358	-700.702	50.4889	277.438	750.94	0	0	1.12406	21.028	240.175	-11.8504	0	-23.4615	0	0	1.70519	0
ASNA389	157.824	-301.984	-104.112	-551.893	-21.2473	770.35	-700.692	50.4889	277.437	750.932	0	0	1.12406	21.028	240.175	-11.8504	0	-23.4615	0	0	1.70519	0
GLUA390	157.802	-301.984	-104.112	-551.877	-21.2404	770.3	-700.679	50.4889	277.428	750.932	0	0	1.12406	21.028	240.175	-11.8503	0	-23.4615	0	0	1.70519	0
LYSA391	157.784	-301.984	-104.112	-551.856	-21.2505	770.278	-700.647	50.4816	277.41	750.919	0	0	1.12406	21.028	240.175	-11.8503	0	-23.4615	0	0	1.70519	0
PHEA392	157.723	-301.985	-104.127	-551.899	-21.2483	770.321	-700.7	50.4893	277.41	750.919	0	0	1.12406	21.028	240.175	-11.8503	0	-23.4615	0	0	1.70528	0
HISA393	157.684	-301.985	-104.128	-551.909	-21.2562	770.317	-700.716	50.4842	277.41	750.918	0	0	1.12406	21.028	240.175	-11.8494	0	-23.4615	0	0	1.70604	0
GLNA394	157.553	-301.985	-104.238	-551.882	-21.2709	770.248	-700.711	50.4803	277.456	750.908	0	0	1.12406	21.028	240.175	-11.8494	0	-23.4615	0	0	1.70604	0
ILEA395	157.492	-301.985	-104.238	-551.876	-21.2712	770.198	-700.718	50.4804	277.448	750.907	0	0	1.12406	21.028	240.174	-11.8494	0	-23.4615	0	0	1.70604	0
GLUA396	157.415	-301.985	-104.238	-551.865	-21.28	770.137	-700.72	50.4803	277.438	750.899	0	0	1.12406	21.0302	240.158	-11.8513	0	-23.4615	0	0	1.70648	0
LYSA397	156.404	-301.979	-104.756	-551.88	-21.2633	769.89	-700.774	50.2842	277.432	750.901	0	0	1.12406	21.03	240.16	-11.8513	0	-23.4615	0	0	1.70648	0
GLUA398	156.388	-301.979	-104.756	-551.874	-21.2718	769.875	-700.773	50.2842	277.434	750.901	0	0	1.12406	21.03	240.16	-11.8513	0	-23.4615	0	0	1.70648	0
SERA400	156.166	-301.979	-104.756	-551.873	-21.2718	769.872	-700.773	50.0645	277.433	750.901	0	0	1.12406	21.03	240.16	-11.8513	0	-23.4615	0	0	1.70648	0
GLUA401	155.796	-301.979	-104.756	-551.86	-21.2811	769.816	-700.767	49.7492	277.416	750.898	0	0	1.12406	21.0408	240.16	-11.85	0	-23.4615	0	0	1.70648	0
VALA402	155.749	-301.979	-104.756	-551.851	-21.2811	769.788	-700.767	49.7492	277.408	750.898	0	0	1.12406	21.0206	240.16	-11.85	0	-23.4615	0	0	1.70648	0
GLUA403	155.116	-301.979	-105.681	-551.859	-21.2807	769.685	-700.78	49.6862	277.883	750.901	0	0	1.12406	21.0206	240.16	-11.8489	0	-23.4615	0	0	1.70648	0
ARGA405	155.109	-301.979	-105.681	-551.862	-21.2902	769.687	-700.786	49.6862	277.89	750.901	0	0	1.12406	21.0206	240.162	-11.846	0	-23.4615	0	0	1.70648	0
ILEA406	155.099	-301.979	-105.681	-551.859	-21.2903	769.682	-700.78	49.6862	277.887	750.901	0	0	1.12406	21.0087	240.163	-11.846	0	-23.4615	0	0	1.70648	0
GLNA407	155.059	-301.975	-105.753	-551.864	-21.2895	769.684	-700.787	49.6862	277.924	750.902	0	0	1.12406	21.0087	240.161	-11.846	0	-23.4615	0	0	1.70648	0
ASPA408	155.057	-301.975	-105.753	-551.856	-21.2911	769.659	-700.781	49.6862	277.92	750.902	0	0	1.12406	21.0067	240.159	-11.8292	0	-23.4615	0	0	1.70648	0
LEUA409	155.026	-301.975	-105.753	-551.864	-21.2911	769.66	-700.8	49.6862	277.922	750.902	0	0	1.12406	21.0001	240.158	-11.8292	0	-23.4615	0	0	1.70648	0
GLUA410	154.975	-301.976	-105.753	-551.844	-21.2856	769.599	-700.778	49.6862	277.907	750.89	0	0	1.12406	21.0001	240.162	-11.8397	0	-23.4615	0	0	1.70648	0
LYSA411	154.687	-301.977	-106.256	-551.863	-21.2868	769.604	-700.8	49.6862	278.168	750.88	0	0	1.12406	21.0001	240.209	-11.8368	0	-23.4615	0	0	1.70648	0
TYRA412	154.651	-301.977	-106.256	-551.886	-21.2862	769.611	-700.843	49.6875	278.189	750.88	0	0	1.12406	21.0002	240.212	-11.8368	0	-23.4615	0	0	1.70648	0
VALA413	154.626	-301.977	-106.256	-551.888	-21.2858	769.612	-700.846	49.6876	278.19	750.88	0	0	1.12406	20.9769	240.213	-11.8368	0	-23.4615	0	0	1.70648	0
GLUA414	154.551	-301.962	-106.282	-551.874	-21.27	769.542	-700.844	49.6876	278.19	750.88	0	0	1.12406	20.9681	240.183	-11.854	0	-23.4615	0	0	1.70648	0
ASPA415	154.469	-301.963	-106.282	-551.851	-21.2712	769.445	-700.828	49.687	278.169	750.88	0	0	1.12406	20.9677	240.182	-11.854	0	-23.4615	0	0	1.70648	0
THRA416	154.456	-301.963	-106.282	-551.856	-21.2712	769.452	-700.833	49.6902	278.173	750.88	0	0	1.12406	20.9493	240.183	-11.854	0	-23.4615	0	0	1.70648	0
LYSA417	154.381	-301.965	-106.282	-551.85	-21.299	769.418	-700.833	49.6902	278.158	750.88	0	0	1.12406	20.9494	240.187	-11.854	0	-23.4615	0	0	1.70648	0
ASPA419	154.373	-301.965	-106.282	-551.847	-21.3094	769.406	-700.831	49.6903	278.158	750.88	0	0	1.12406	20.9585	240.185	-11.854	0	-23.4615	0	0	1.70648	0
LEUA420	154.32	-301.965	-106.282	-551.874	-21.3094	769.411	-700.888	49.6903	278.182	750.88	0	0	1.12406	20.9585	240.19	-11.854	0	-23.4615	0	0	1.70648	0
TRPA421	154.291	-301.964	-106.282	-551.905	-21.3099	769.402	-700.948	49.7534	278.188	750.882	0	0	1.12406	20.9585	240.186	-11.854	0	-23.4615	0	0	1.70648	0
SERA422	154.291	-301.964	-106.282	-551.905	-21.3099	769.402	-700.948	49.7534	278.188	750.882	0	0	1.12406	20.9585	240.186	-11.854	0	-23.4615	0	0	1.70648	0
TYRA423	154.23	-301.94	-106.282	-551.942	-21.3099	769.403	-701.024	49.7534	278.228	750.882	0	0	1.12406	20.9471	240.192	-11.854	0	-23.4615	0	0	1.70648	0
ASNA424	154.192	-301.938	-106.282	-551.933	-21.3099	769.352	-701.016	49.752	278.222	750.882	0	0	1.12406	20.9465	240.185	-11.854	0	-23.4615	0	0	1.70648	0
GLUA426	154.081	-301.939	-106.383	-551.945	-21.3084	769.338	-701.049	49.752	278.275	750.882	0	0	1.12406	20.9431	240.151	-11.854	0	-23.4615	0	0	1.70648	0
LEUA427	154.047	-301.939	-106.383	-551.959	-21.3084	769.339	-701.082	49.752	278.288	750.882	0	0	1.12406	20.9431	240.151	-11.854	0	-23.4615	0	0	1.70648	0
LEUA428	153.967	-301.939	-106.383	-551.988	-21.3082	769.338	-701.149	49.7516	278.305	750.882	0	0	1.12406	20.9431	240.151	-11.854	0	-23.4615	0	0	1.70648	0
LEUA431	153.934	-301.939	-106.383	-552.001	-21.3082	769.336	-701.18	49.7516	278.318	750.882	0	0	1.12406	20.9431	240.151	-11.854	0	-23.4615	0	0	1.70648	0
GLUA432	153.878	-301.939	-106.422	-552.015	-21.3294	769.353	-701.204	49.7648	278.324	750.882	0	0	1.12406	20.9461	240.151	-11.8508	0	-23.4615	0	0	1.70648	0
GLNA434	153.758	-301.995	-106.477	-552.026	-21.331	769.322	-701.245	49.7714	278.389	750.886	0	0	1.12406	20.9463	240.161	-11.8508	0	-23.4615	0	0	1.70648	0
H2SA435	153.709	-301.995	-106.499	-552.055	-21.3347	769.365	-701.283	49.7722	278.389	750.886	0	0	1.12406	20.9464	240.163	-11.8508	0	-23.4615	0	0	1.70648	0
THRA436	153.298	-301.995	-106.486	-552.065	-21.334	769.376	-701.298	49.3035	278.39	750.887	0	0	1.12406	21.0019	240.162	-11.8508	0	-23.4615	0	0	1.70648	0
ASPA438	153.022	-302.119	-106.61	-552.07	-21.3204	769.362	-701.31	49.3046	278.39	750.889	0	0	1.12406	20.987	240.161	-11.8508	0	-23.4615	0	0	1.70648	0
THRA440	152.717	-302.264	-106.707	-552.069	-21.3204	769.36	-701.308	49.1975	278.389	750.889	0	0	1.12406	21.0315	240.161	-11.8508	0	-23.4615	0	0	1.70648	0
ASPA441	152.717	-302.264	-106.707	-552.069	-21.3204	769.36	-701.308	49.1975	278.389	750.889	0	0	1.12406	21.0315	240.161	-11.8508	0	-23.4615	0	0	1.70648	0
SERA442	152.684	-302.264	-106.707	-552.068	-21.3201	769.353	-701.308	49.1967	278.388	750.889	0	0	1.12406	21.0043	240.16	-11.8508	0	-23.4615	0	0	1.70648	0
GLUA443	152.679	-302.264	-106.719	-552.068	-21.3169	769.353	-701.308	49.1967	278.393	750.889	0	0	1.12406	21.0042	240.161	-11.8512	0	-23.4615	0	0	1.70648	0
ASNA445	152.674	-302.264	-106.719	-552.071	-21.3169	769.354	-701.314	49.1968	278.395	750.89	0	0	1.12406	21.0042	240.161	-11.8512	0	-23.4615	0	0	1.70648	0
LYSA446	152.671	-302.264	-106.713	-552.076	-21.3145	769.354	-701.322	49.1999	278.395	750.89	0	0	1.12406	21.0042	240.162	-11.8513	0	-23.4615	0	0	1.70648	0
GLUA449	152.568	-302.263	-106.889	-552.061	-21.2992	769.223	-701.31	49.1998	278.556	750.89	0	0	1.12406	21.0042	240.161	-11.8521	0	-23.4615	0	0	1.70648	0
LYSA450	152.495	-302.263	-106.889	-552.025	-21.3015	769.102	-701.27	49.1998	278.542	750.89	0	0	1.12406	21.0041	240.115	-11.8632	0	-23.4615	0	0	1.70648	0
THRA451	151.357	-302.922	-107.193	-552.038	-21.3015	769.062	-701.328	49.1998	278.554	750.89	0	0	1.12406	20.9278	240.114	-11.8632	0	-23.4615	0	0	1.70648	0
LYSA452	151.198	-302.921	-107.193	-552.019	-21.295	768.904	-701.321	49.1999	278.518	750.89	0	0	1.12406	20.9278	240.111	-11.8619	0	-23.4615	0	0	1.70648	0
LYSA453	151.17	-302.924	-107.193	-552.04	-21.2991	768.935	-701.35	49.1999	278.534	750.89	0	0	1.12406	20.9278	240.122	-11.8801	0	-23.4615	0	0	1.70648	0
GLNA454	151.108	-302.944	-107.214	-552.071	-21.2991	768.972	-701.386	49.1867	278.573	750.9	0	0	1.12406	20.9017	240.121	-11.8801	0	-23.4615	0	0	1.70648	0
ARGA456	151.016	-302.945	-107.214	-552.039	-21.3138	768.89	-701.376	49.1848	278.55	750.9	0	0	1.12406	20.9003	240.127	-11.8906	0	-23.4615	0	0	1.7063	0
GLUA457	151.001	-302.945	-107.252	-552.026	-21.3318	768.899	-701.348	49.1812	278.549	750.9	0	0	1.12406	20.9005	240.125	-11.8943	0	-23.4615	0	0	1.7063	0
ASNA458	150.959	-302.939	-107.247	-552.021	-21.3318	768.853	-701.359	49.1794	278.549	750.9	0	0	1.12406	20.9005	240.11	-11.8943	0	-23.4615	0	0	1.7063	0
GLUA460	149.442	-302.939	-107.78	-552.013	-21.3179	768.53	-701.351	48.2354	278.802	750.9	0	0	1.12406	20.905	240.11	-11.8976	0	-23.4615	0	0	1.7063	0
ASPA461	149.346	-302.936	-107.777	-552.022	-21.3157	768.563	-701.35	48.1155	278.802	750.904	0	0	1.12406	20.8911	240.111	-11.8977	0	-23.4615	0	0	1.7063	0
META462	149.306	-302.937	-107.777	-552.044	-21.3157	768.565	-701.396	48.1155	278.828	750.904	0	0	1.12406	20.8911	240.111	-11.8977	0	-23.4615	0	0	1.7063	0
ASNA464	149.233	-302.937	-107.777	-552.046	-21.3157	768.547	-701.402	48.1229	278.835	750.905	0	0	1.12406	20.8294	240.111	-11.8977	0	-23.4615	0	0	1.7063	0
LYSA468	149.107	-302.937	-107.777	-552.014	-21.3492	768.426	-701.377	48.1228	278.798	750.904	0	0	1.12406	20.8294	240.111	-11.8889	0	-23.4615	0	0	1.7063	0
TYRA470	149.076	-302.937	-107.777	-552.036	-21.3525	768.44	-701.412	48.1291	278.806	750.906	0	0	1.12406	20.8292	240.111	-11.889	0	-23.4615	0	0	1.7063	0
H2SA471	148.702	-302.95	-107.728	-552.03	-21.3525	768.447	-701.397	47.6949	278.803	750.905	0	0	1.12406	20.8294	240.112	-11.889	0	-23.4615	0	0	1.7063	0
LYSA472	148.647	-302.95	-107.728	-552.023	-21.3475	768.397	-701.42	47.6944	278.806	750.91	0	0	1.12406	20.8294	240.108	-11.8902	0	-23.4615	0	0	1.7063	0
ASPA474	148.596	-302.971	-107.749	-552.027	-21.3544	768.41	-701.416	47.7026	278.807	750.91	0	0	1.12406	20.7959	240.105	-11.8809	0	-23.4615	0	0	1.7063	0
ASNA475	148.595	-302.971	-107.753	-552.03	-21.3542	768.416	-701.419	47.7027	278.809	750.911	0	0	1.12406	20.7959	240.105	-11.8809	0	-23.4615	0	0	1.70623	0
SERA480	148.044	-302.964	-107.746	-552.031	-21.3542	768.418	-701.42	47.1372	278.808	750.912	0	0	1.12406	20.796	240.105	-11.8809	0	-23.4615	0	0	1.70623	0
ARGA482	147.998	-302.966	-107.746	-552.017	-21.3539	768.363	-701.417	47.1372	278.804	750.91	0	0	1.12406	20.7949	240.109	-11.8806	0	-23.4615	0	0	1.70617	0
ASNA483	147.932	-302.966	-107.701	-552.031	-21.3539	768.386	-701.432	47.1372	278.81	750.909	0	0	1.12406	20.6849	240.108	-11.8806	0	-23.4615	0	0	1.70617	0
THRA485	147.89	-302.966	-107.748	-552.03	-21.3539	768.388	-701.43	47.1372	278.81	750.909	0	0	1.12406	20.685	240.107	-11.8806	0	-23.4615	0	0	1.70617	0
TYRA486	147.79	-302.968	-107.772	-552.088	-21.3541	768.443	-701.503	47.1373	278.813	750.911	0	0	1.12406	20.6854	240.156	-11.8834	0	-23.4615	0	0	1.70617	0
ASPA487	147.676	-303.051	-107.854	-552.107	-21.3439	768.479	-701.53	47.1373	278.815	750.912	0	0	1.12406	20.7346	240.163	-11.8854	0	-23.4615	0	0	1.70619	0
H2SA488	147.656	-303.05	-107.854	-552.101	-21.3428	768.461	-701.518	47.1279	278.809	750.908	0	0	1.12406	20.7344	240.163	-11.8854	0	-23.4615	0	0	1.70503	0
ASPA489	147.603	-303.05	-107.854	-552.082	-21.3496	768.393	-701.502	47.1279	278.798	750.908	0	0	1.12406	20.7344	240.161	-11.8881	0	-23.4615	0	0	1.70483	0
VALA490	147.589	-303.05	-107.854	-552.089	-21.3495	768.396	-701.517	47.1279	278.804	750.909	0	0	1.12406	20.7337	240.162	-11.8881	0	-23.4615	0	0	1.70483	0
TYRA491	147.52	-303.05	-107.861	-552.09	-21.345	768.364	-701.534	47.1048	278.797	750.92	0	0	1.12406	20.7344	240.172	-11.8881	0	-23.4615	0	0	1.70483	0
ARGA492	147.32	-303.05	-107.861	-552.022	-21.3489	768.132	-701.506	47.0963	278.737	750.92	0	0	1.12406	20.7368	240.169	-11.8804	0	-23.4615	0	0	1.70394	0
ASPA493	147.288	-303.05	-107.861	-552.014	-21.3482	768.097	-701.505	47.0963	278.733	750.92	0	0	1.12406	20.7327	240.139	-11.8792	0	-23.4615	0	0	1.70394	0
GLUA494	147.232	-303.058	-107.869	-552.009	-21.3661	768.06	-701.504	47.0959	278.743	750.92	0	0	1.12406	20.7293	240.139	-11.877	0	-23.4615	0	0	1.70394	0
ASNA497	147.228	-303.041	-107.869	-551.994	-21.3661	768.029	-701.499	47.0959	278.733	750.92	0	0	1.12406	20.7293	240.136	-11.877	0	-23.4615	0	0	1.70394	0
ASNA498	147.119	-303.079	-107.9	-552.003	-21.3661	768.019	-701.52	47.0959	278.74	750.914	0	0	1.12406	20.7293	240.13	-11.877	0	-23.4615	0	0	1.70394	0
ARGA499	146.916	-303.177	-107.981	-551.988	-21.3549	767.994	-701.511	47.0711	278.734	750.912	0	0	1.12406	20.7284	240.118	-11.8783	0	-23.4615	0	0	1.70394	0
PHEA500	146.867	-303.181	-107.981	-552.039	-21.3487	768.031	-701.585	47.0711	278.771	750.912	0	0	1.12406	20.7287	240.124	-11.8783	0	-23.4615	0	0	1.70394	0
GLNA501	146.844	-303.198	-107.981	-552.067	-21.3487	768.067	-701.605	47.0711	278.785	750.901	0	0	1.12406	20.7297	240.172	-11.8783	0	-23.4615	0	0	1.70394	0
ILEA502	146.84	-303.198	-107.981	-552.07	-21.3487	768.07	-701.611	47.0711	278.787	750.902	0	0	1.12406	20.7297	240.172	-11.8783	0	-23.4615	0	0	1.70394	0
Now moving residues with bad energies 
ASNA8	146.689	-303.198	-107.981	-552.009	-21.3487	767.91	-701.573	47.0711	278.768	750.856	0	0	1.12406	20.7048	240.172	-11.8783	0	-23.4615	0	0	1.70394	0
SERA9	146.534	-303.198	-107.981	-551.926	-21.3487	767.697	-701.498	47.0554	278.716	750.845	0	0	1.12406	20.6825	240.172	-11.8783	0	-23.4615	0	0	1.70394	0
THRA10	143.875	-303.773	-108.539	-551.868	-21.3487	767.41	-701.429	45.8052	278.787	750.856	0	0	1.12406	20.4862	240.169	-11.8783	0	-23.4615	0	0	1.70394	0
THRA12	143.875	-303.773	-108.539	-551.868	-21.3487	767.41	-701.429	45.8052	278.787	750.856	0	0	1.12406	20.4862	240.169	-11.8783	0	-23.4615	0	0	1.70394	0
H2SA18	143.803	-303.773	-108.539	-551.863	-21.3487	767.397	-701.424	45.8061	278.787	750.855	0	0	1.12406	20.4177	240.169	-11.8783	0	-23.4615	0	0	1.70214	0
PROA21	143.772	-303.773	-108.539	-551.88	-21.3487	767.405	-701.461	45.8061	278.804	750.856	0	0	1.12406	20.4177	240.169	-11.8783	0	-23.4615	0	0	1.70214	0
ASNA22	143.484	-303.773	-108.539	-551.913	-21.3487	767.262	-701.548	45.8061	278.817	750.872	0	0	1.12406	20.3613	240.17	-11.8783	0	-23.4615	0	0	1.70214	0
THRA24	142.61	-303.787	-108.72	-552.239	-21.3379	767.282	-702.126	45.8235	279.015	750.846	0	0	1.12406	20.3659	240.217	-11.8783	0	-23.4615	0	0	1.70214	0
ILEA25	142.283	-303.788	-109.309	-552.264	-21.3378	767.31	-702.169	45.8235	279.321	750.853	0	0	1.12406	20.3564	240.217	-11.8783	0	-23.4615	0	0	1.70214	0
LYSA27	140.944	-303.806	-109.358	-552.615	-21.3517	767.221	-702.874	45.8235	279.24	750.786	0	0	1.12406	20.3929	240.19	-11.8783	0	-23.4615	0	0	1.70214	0
THRA28	139.504	-304.562	-109.884	-552.669	-21.3517	766.919	-702.932	45.7448	279.408	750.787	0	0	1.12406	20.5572	240.195	-11.8783	0	-23.4615	0	0	1.70214	0
ILEA29	139.332	-304.562	-109.886	-552.704	-21.3517	766.896	-703.02	45.7453	279.422	750.783	0	0	1.12406	20.5227	240.189	-11.8783	0	-23.4615	0	0	1.70214	0
THRA30	139.317	-304.562	-109.796	-552.709	-21.3517	766.896	-703.032	45.7453	279.332	750.783	0	0	1.12406	20.5258	240.19	-11.8783	0	-23.4615	0	0	1.70214	0
ASNA31	139.276	-304.6	-109.832	-552.742	-21.3517	766.964	-703.047	45.7453	279.344	750.783	0	0	1.12406	20.5259	240.192	-11.8783	0	-23.4615	0	0	1.70214	0
ASPA32	139.162	-304.6	-109.832	-552.683	-21.3588	766.807	-702.963	45.7453	279.262	750.777	0	0	1.12406	20.521	240.178	-11.8783	0	-23.4615	0	0	1.70214	0
GLNA33	139.152	-304.6	-109.832	-552.686	-21.3588	766.805	-702.97	45.7453	279.265	750.777	0	0	1.12406	20.521	240.178	-11.8783	0	-23.4615	0	0	1.70214	0
GLUA35	138.023	-304.599	-111.547	-552.696	-21.3418	766.731	-702.979	45.743	279.994	750.777	0	0	1.12406	20.4532	240.178	-11.8783	0	-23.4615	0	0	1.70214	0
THRA37	137.997	-304.6	-111.545	-552.651	-21.3418	766.631	-702.949	45.7423	279.996	750.765	0	0	1.12406	20.4636	240.179	-11.8783	0	-23.4615	0	0	1.70213	0
ASNA38	137.55	-304.172	-111.884	-552.717	-21.3418	766.57	-703.047	45.7448	279.96	750.488	0	0	1.12406	20.462	240.213	-11.8783	0	-23.4615	0	0	1.70213	0
THRA40	137.207	-304.208	-112.155	-552.787	-21.3418	766.584	-703.169	45.7468	280.107	750.482	0	0	1.12406	20.4621	240.247	-11.8783	0	-23.4615	0	0	1.70213	0
GLUA41	134.827	-305.227	-112.863	-552.815	-21.3354	766.24	-703.181	45.4682	280.087	750.505	0	0	1.12406	20.4621	240.247	-11.8781	0	-23.4615	0	0	1.70213	0
GLNA44	134.166	-305.392	-113.339	-552.838	-21.3675	766.247	-703.246	45.4682	280.091	750.579	0	0	1.12406	20.4768	240.253	-11.8783	0	-23.4615	0	0	1.70213	0
ASNA45	133.609	-305.721	-113.66	-552.967	-21.3868	766.306	-703.37	45.4726	280.422	750.58	0	0	1.12406	20.4465	240.259	-11.8789	0	-23.4615	0	0	1.70213	0
SERA46	133.016	-305.721	-114.832	-552.918	-21.3868	766.182	-703.348	45.4726	281.075	750.554	0	0	1.12406	20.4517	240.265	-11.8789	0	-23.4615	0	0	1.70213	0
SERA47	132.908	-305.774	-114.886	-552.918	-21.3868	766.182	-703.348	45.4726	281.075	750.554	0	0	1.12406	20.4517	240.264	-11.8789	0	-23.4615	0	0	1.70213	0
ILEA48	132.861	-305.745	-114.882	-552.866	-21.3868	766.094	-703.267	45.4695	281.076	750.533	0	0	1.12406	20.3501	240.26	-11.8789	0	-23.4615	0	0	1.70213	0
GLUA50	132.666	-305.745	-114.882	-552.899	-21.4107	766	-703.319	45.4684	281.079	750.536	0	0	1.12406	20.3523	240.313	-11.8789	0	-23.4615	0	0	1.70213	0
ASPA53	132.661	-305.745	-114.882	-552.912	-21.4117	766.036	-703.334	45.4683	281.081	750.541	0	0	1.12406	20.333	240.313	-11.8789	0	-23.4615	0	0	1.70213	0
SERA54	132.661	-305.745	-114.882	-552.912	-21.4117	766.036	-703.334	45.4683	281.081	750.541	0	0	1.12406	20.333	240.313	-11.8789	0	-23.4615	0	0	1.70213	0
PROA55	132.153	-305.743	-114.882	-552.867	-21.4112	765.991	-703.271	44.9095	281.091	750.519	0	0	1.12406	20.3317	240.295	-11.8789	0	-23.4615	0	0	1.70152	0
GLNA57	128.488	-307.126	-119.65	-552.377	-21.9494	765.657	-702.69	44.6095	283.001	750.944	0	0	1.12406	20.3338	240.284	-11.923	0	-23.4615	0	0	1.99494	0
ASPA60	127.475	-307.252	-120.094	-552.453	-22.1511	765.649	-702.775	44.5454	282.997	751	0	0	1.12406	20.2722	240.262	-11.9215	0	-23.4615	0	0	1.99494	0
GLUA62	127.267	-307.253	-120.094	-552.449	-22.0984	765.448	-702.823	44.5507	282.985	751	0	0	1.12406	20.2495	240.257	-11.9078	0	-23.4615	0	0	1.99494	0
ASNA63	125.191	-307.446	-121.328	-551.643	-22.1102	764.041	-702.218	43.872	283.299	750.875	0	0	1.12406	20.1	240.293	-11.9078	0	-23.4615	0	0	1.99494	0
THRA65	124.966	-307.593	-121.46	-551.671	-22.1073	764.093	-702.244	43.8741	283.299	750.889	0	0	1.12406	20.1358	240.293	-11.9078	0	-23.4615	0	0	1.99494	0
ASPA68	123.56	-307.591	-121.702	-551.681	-22.0641	764.039	-702.29	42.6697	283.306	750.893	0	0	1.12406	20.185	240.295	-11.8614	0	-23.4615	0	0	1.99494	0
ASPA73	123.551	-307.669	-121.78	-551.674	-22.0436	764.014	-702.284	42.6692	283.304	750.894	0	0	1.12406	20.3252	240.339	-11.8618	0	-23.4615	0	0	1.99494	0
GLNA75	123.551	-307.669	-121.78	-551.674	-22.0436	764.014	-702.284	42.6692	283.304	750.894	0	0	1.12406	20.3252	240.339	-11.8618	0	-23.4615	0	0	1.99494	0
ASPA77	123.543	-307.67	-121.793	-551.674	-22.0427	764.015	-702.284	42.6692	283.304	750.894	0	0	1.12406	20.3295	240.339	-11.8617	0	-23.4615	0	0	1.99494	0
GLNA80	119.774	-309.459	-123.443	-551.562	-22.2615	763.655	-702.232	42.8361	283.992	750.955	0	0	1.12406	20.298	240.676	-12.6628	0	-23.4615	0	0	1.99494	0
ASNA81	119.762	-309.459	-123.443	-551.565	-22.2615	763.659	-702.238	42.8347	283.991	750.955	0	0	1.12406	20.2944	240.675	-12.6628	0	-23.4615	0	0	1.99494	0
LYSA82	119.604	-309.45	-123.443	-551.373	-22.2755	763.247	-702.028	42.8088	283.876	750.935	0	0	1.12406	20.2933	240.605	-12.6442	0	-23.4615	0	0	1.99494	0
LYSA83	119.585	-309.45	-123.446	-551.382	-22.2746	763.253	-702.048	42.8054	283.886	750.935	0	0	1.12406	20.2933	240.605	-12.6441	0	-23.4615	0	0	1.99494	0
GLUA89	118.965	-309.513	-123.741	-551.364	-22.277	763.065	-702.033	42.6005	283.983	750.935	0	0	1.12406	20.2937	240.534	-12.6417	0	-23.4615	0	0	1.99494	0
ARGA90	118.898	-309.528	-123.779	-551.367	-22.2781	763.057	-702.045	42.6025	283.982	750.941	0	0	1.12406	20.297	240.535	-12.6416	0	-23.4615	0	0	1.99494	0
SERA91	118.864	-309.528	-123.813	-551.368	-22.2782	763.059	-702.046	42.6025	283.982	750.941	0	0	1.12406	20.297	240.535	-12.6416	0	-23.4615	0	0	1.99494	0
LYSA92	118.621	-309.528	-124.475	-551.413	-22.2784	763.199	-702.064	42.6044	284.333	750.937	0	0	1.12406	20.2899	240.539	-12.6412	0	-23.4615	0	0	1.99494	0
TYRA94	118.33	-309.528	-124.544	-551.43	-22.2794	763.051	-702.202	42.6449	284.36	750.934	0	0	1.12406	20.3072	240.537	-12.6411	0	-23.4615	0	0	1.99494	0
SERA95	118.318	-309.528	-124.542	-551.431	-22.2793	763.056	-702.203	42.6449	284.36	750.934	0	0	1.12406	20.2908	240.537	-12.6411	0	-23.4615	0	0	1.99494	0
ASNA96	118.158	-309.528	-124.542	-551.408	-22.2794	762.905	-702.224	42.6451	284.361	750.933	0	0	1.12406	20.2791	240.537	-12.6411	0	-23.4615	0	0	1.99494	0
CYSA97	118.151	-309.527	-124.542	-551.409	-22.2795	762.905	-702.225	42.6236	284.361	750.934	0	0	1.12406	20.279	240.536	-12.6411	0	-23.4456	0	0	1.99494	0
ASPA101	117.623	-309.531	-124.504	-551.383	-22.2854	762.821	-702.195	42.6235	284.336	750.93	0	0	1.12406	19.7773	240.536	-12.6392	0	-23.4456	0	0	1.99491	0
PROA103	117.302	-309.526	-124.504	-551.506	-22.2811	762.837	-702.455	42.6233	284.334	750.923	0	0	1.12406	19.8221	240.586	-12.6392	0	-23.4456	0	0	1.99523	0
ASPA104	116.885	-309.522	-124.504	-551.443	-22.2788	762.551	-702.414	42.2574	284.328	750.923	0	0	1.12406	19.8563	240.569	-12.5431	0	-23.4456	0	0	1.99523	0
TYRA105	115.922	-309.519	-125.229	-551.638	-22.2843	762.505	-702.783	42.5186	284.406	750.98	0	0	1.12406	19.8351	240.582	-12.5429	0	-23.4456	0	0	1.99523	0
SERA107	114.846	-309.534	-126.693	-551.674	-22.2839	762.557	-702.791	42.5476	284.77	750.98	0	0	1.12406	19.8317	240.63	-12.5377	0	-23.4456	0	0	1.99523	0
ARGA109	114.812	-309.534	-126.696	-551.675	-22.3082	762.553	-702.801	42.55	284.776	750.98	0	0	1.12406	19.8316	240.593	-12.5381	0	-23.4456	0	0	1.99523	0
SERA110	114.812	-309.534	-126.696	-551.675	-22.3082	762.553	-702.801	42.55	284.776	750.98	0	0	1.12406	19.8316	240.593	-12.5381	0	-23.4456	0	0	1.99523	0
SERA114	113.853	-310.138	-127.327	-551.756	-22.3052	762.77	-702.819	42.5534	285.085	750.955	0	0	1.12406	19.7013	240.659	-12.5381	0	-23.4456	0	0	1.99333	0
SERA115	113.828	-310.138	-127.327	-551.767	-22.3052	762.806	-702.818	42.5014	285.085	750.955	0	0	1.12406	19.7029	240.66	-12.5381	0	-23.4456	0	0	1.99333	0
GLUA119	113.685	-310.139	-127.574	-551.792	-22.337	762.867	-702.841	42.608	285.094	750.961	0	0	1.12406	19.703	240.661	-12.5367	0	-23.4456	0	0	1.99333	0
ASNA121	112.315	-310.164	-128.478	-551.912	-22.337	763.044	-702.953	41.8013	285.528	750.961	0	0	1.12406	19.69	240.661	-12.5367	0	-23.4456	0	0	1.99333	0
ASNA122	111.668	-310.694	-129.046	-551.998	-22.3357	763.068	-703.011	41.8024	286.052	751.004	0	0	1.12406	19.69	240.686	-12.5367	0	-23.4456	0	0	1.99333	0
GLUA123	111.076	-310.694	-129.095	-551.998	-22.2505	763.025	-703.022	41.2264	286.054	751.004	0	0	1.12406	19.69	240.684	-12.5367	0	-23.4456	0	0	1.99333	0
SERA124	111.076	-310.694	-129.095	-551.998	-22.2505	763.025	-703.022	41.2264	286.054	751.004	0	0	1.12406	19.69	240.684	-12.5367	0	-23.4456	0	0	1.99333	0
ASNA126	111.061	-310.711	-129.112	-552	-22.2505	763.028	-703.023	41.2297	286.054	751.005	0	0	1.12406	19.7056	240.684	-12.5367	0	-23.4456	0	0	1.99333	0
TRPA127	110.682	-310.732	-129.112	-552.015	-22.2505	762.816	-703.261	41.3234	286.14	750.933	0	0	1.12406	19.7049	240.672	-12.5367	0	-23.4456	0	0	1.99333	0
THRA128	110.682	-310.732	-129.112	-552.015	-22.2505	762.816	-703.261	41.3234	286.14	750.933	0	0	1.12406	19.7049	240.672	-12.5367	0	-23.4456	0	0	1.99333	0
THRA131	109.727	-310.735	-129.115	-552.038	-22.2505	762.843	-703.296	40.3994	286.141	750.941	0	0	1.12406	19.7026	240.709	-12.5367	0	-23.4456	0	0	1.99333	0
GLNA132	108.391	-310.802	-130.245	-552.161	-22.2501	762.897	-703.409	40.421	286.583	750.946	0	0	1.12406	19.2765	240.714	-12.5367	0	-23.4456	0	0	1.99333	0
ASNA133	108.27	-310.802	-130.343	-552.147	-22.2497	762.862	-703.402	40.4201	286.58	750.939	0	0	1.12406	19.2774	240.713	-12.5367	0	-23.4456	0	0	1.99333	0
THRA135	108.14	-310.423	-129.991	-551.921	-22.2497	762.419	-703.318	40.5717	286.142	750.826	0	0	1.12406	18.9489	240.752	-12.5367	0	-23.4456	0	0	1.99333	0
SERA136	106.653	-311.263	-130.776	-552.023	-22.2497	762.142	-703.351	40.1708	286.344	751.228	0	0	1.12406	19.2954	240.77	-12.5367	0	-23.4456	0	0	1.99333	0
SERA137	106.568	-311.263	-130.979	-551.999	-22.2497	762.024	-703.347	40.1686	286.562	751.228	0	0	1.12406	19.2875	240.744	-12.5367	0	-23.4456	0	0	1.99333	0
ILEA140	106.451	-311.294	-130.967	-552.395	-22.2497	762.367	-704.005	40.2412	286.825	751.392	0	0	1.12406	19.4014	240.777	-12.5367	0	-23.4456	0	0	1.99333	0
ARGA141	104.31	-311.752	-132.294	-552.71	-22.3186	762.979	-704.144	39.5287	287.017	751.46	0	0	1.12406	19.4079	240.834	-12.536	0	-23.4456	0	0	1.99333	0
ARGA142	104.021	-311.752	-132.766	-553.125	-23.0364	763.955	-704.403	39.5783	287.611	751.506	0	0	1.12406	19.3231	240.976	-12.5429	0	-23.4456	0	0	1.99333	0
SERA143	103.848	-312.38	-133.394	-553.193	-23.0364	764.01	-704.46	39.5822	288.136	752.132	0	0	1.12406	19.3238	241.002	-12.5429	0	-23.4456	0	0	1.99333	0
ASNA144	103.37	-312.878	-133.928	-553.29	-23.0364	764.144	-704.564	39.6278	288.718	752.146	0	0	1.12406	19.3017	241.095	-12.5429	0	-23.4456	0	0	1.99333	0
ASNA145	102.973	-312.91	-133.761	-553.053	-23.0364	763.679	-704.401	39.6276	288.359	752.075	0	0	1.12406	19.2656	241.001	-12.5429	0	-23.4456	0	0	1.99333	0
SERA146	102.924	-312.917	-133.796	-553.052	-23.0366	763.679	-704.401	39.6207	288.359	752.074	0	0	1.12406	19.2655	241	-12.5429	0	-23.4456	0	0	1.99333	0
PHEA147	102.707	-312.916	-133.796	-553.048	-23.0371	763.665	-704.393	39.4028	288.359	752.075	0	0	1.12406	19.2659	240.993	-12.5429	0	-23.4456	0	0	1.99333	0
SERA149	102.707	-312.916	-133.796	-553.048	-23.0371	763.665	-704.393	39.4028	288.359	752.075	0	0	1.12406	19.2659	240.993	-12.5429	0	-23.4456	0	0	1.99333	0
ARGA150	102.588	-312.942	-133.827	-553.032	-23.0345	763.643	-704.373	39.3252	288.36	752.075	0	0	1.12406	19.2573	240.996	-12.5353	0	-23.4456	0	0	1.99333	0
ASNA152	102.588	-312.942	-133.827	-553.032	-23.0345	763.643	-704.373	39.3252	288.36	752.075	0	0	1.12406	19.2573	240.996	-12.5353	0	-23.4456	0	0	1.99333	0
THRA155	102.15	-313.151	-134.068	-553.036	-23.0345	763.623	-704.38	39.3481	288.358	752.069	0	0	1.12406	19.281	240.989	-12.5353	0	-23.4456	0	0	1.9966	0
H2SA156	100.753	-313.262	-134.18	-553.027	-23.0345	763.603	-704.369	39.3596	288.359	752.063	0	0	1.12406	18.1016	241.013	-12.5353	0	-23.4456	0	0	1.99484	0
LEUA157	100.561	-313.282	-134.18	-553.14	-23.0345	763.695	-704.572	39.3511	288.386	752.097	0	0	1.12406	18.1016	241.016	-12.5353	0	-23.4456	0	0	1.99484	0
ASNA158	100.561	-313.282	-134.18	-553.14	-23.0345	763.695	-704.572	39.3511	288.386	752.097	0	0	1.12406	18.1016	241.016	-12.5353	0	-23.4456	0	0	1.99484	0
PHEA159	100.079	-313.282	-134.18	-553.363	-23.0345	763.773	-705.025	39.4116	288.544	752.016	0	0	1.12406	18.1016	240.953	-12.5428	0	-23.4456	0	0	1.98113	0
LYSA160	99.3539	-313.868	-134.763	-553.631	-22.9894	764.158	-705.36	39.41	289.255	751.937	0	0	1.12406	18.1015	241.123	-12.565	0	-23.4456	0	0	1.99107	0
PROA162	98.7874	-313.854	-135.17	-553.715	-22.9894	764.099	-705.503	39.4085	289.316	751.954	0	0	1.12406	18.1371	241.139	-12.565	0	-23.4456	0	0	1.99107	0
ASNA165	98.6196	-313.853	-135.17	-553.654	-22.9894	763.898	-705.482	39.4085	289.258	751.962	0	0	1.12406	18.1375	241.141	-12.565	0	-23.4456	0	0	1.99107	0
VALA166	97.6697	-313.924	-135.185	-553.933	-22.9894	763.809	-706.169	39.6192	289.268	751.846	0	0	1.12406	18.2236	241.1	-12.565	0	-23.4456	0	0	1.99107	0
THRA167	97.5706	-313.924	-135.185	-553.974	-22.9894	763.808	-706.272	39.6192	289.308	751.851	0	0	1.12406	18.2252	241.099	-12.565	0	-23.4456	0	0	1.99107	0
PROA169	97.3125	-313.954	-135.185	-554.073	-22.9892	763.878	-706.481	39.6184	289.328	751.846	0	0	1.12406	18.2191	241.08	-12.565	0	-23.4456	0	0	1.99107	0
ASNA170	97.272	-314.002	-135.237	-554.07	-22.9879	763.87	-706.479	39.62	289.328	751.865	0	0	1.12406	18.2619	241.084	-12.565	0	-23.4456	0	0	1.99107	0
ASNA171	97.2302	-313.998	-135.237	-554.069	-22.9879	763.821	-706.478	39.62	289.327	751.866	0	0	1.12406	18.262	241.085	-12.565	0	-23.4456	0	0	1.99107	0
GLUA172	97.0115	-313.998	-135.237	-554.049	-23.0758	763.667	-706.485	39.6208	289.347	751.855	0	0	1.12406	18.2619	241.073	-12.565	0	-23.4456	0	0	1.99107	0
GLNA173	96.5063	-313.998	-135.237	-554.135	-23.0758	763.527	-706.712	39.621	289.388	751.762	0	0	1.12406	18.2619	241.034	-12.565	0	-23.4456	0	0	1.99107	0
ASPA175	96.1307	-313.998	-135.237	-553.973	-23.0128	762.891	-706.57	39.6548	289.305	751.779	0	0	1.12406	18.1813	241.031	-12.5594	0	-23.4456	0	0	1.99107	0
LYSA176	96.1307	-313.998	-135.237	-553.973	-23.0128	762.891	-706.57	39.6548	289.305	751.779	0	0	1.12406	18.1813	241.031	-12.5594	0	-23.4456	0	0	1.99107	0
H2SA183	94.7039	-314.414	-135.606	-553.944	-23.0128	762.561	-706.55	38.718	289.71	751.999	0	0	1.12406	18.1337	241.031	-12.5594	0	-23.4456	0	0	1.991	0
THRA187	90.003	-314.952	-137.345	-553.86	-23.0097	761.843	-706.49	37.007	289.778	751.992	0	0	1.12406	17.8931	240.989	-12.5228	0	-23.4456	0	0	1.991	0
ASPA188	88.6055	-315.595	-138.743	-554.206	-23.4953	762.769	-706.817	37.0124	290.908	751.987	0	0	1.12406	17.9839	241.332	-12.8664	0	-23.4456	0	0	1.991	0
LYSA189	88.5552	-315.576	-138.683	-554.253	-23.5456	762.748	-706.907	37.0124	290.913	751.987	0	0	1.12406	18.0767	241.373	-12.8867	0	-23.4456	0	0	1.991	0
ASPA190	88.501	-315.576	-138.744	-554.238	-23.5471	762.705	-706.893	37.0124	290.916	751.985	0	0	1.12406	18.0766	241.365	-12.8649	0	-23.4456	0	0	1.991	0
ILEA192	88.3847	-315.578	-138.759	-554.354	-23.5471	762.804	-707.08	37.0145	290.971	752.004	0	0	1.12406	18.1047	241.448	-12.8649	0	-23.4456	0	0	1.991	0
PHEA193	87.845	-315.703	-138.678	-554.661	-23.5458	762.896	-707.582	37.0747	291.156	752.004	0	0	1.12406	18.0884	241.754	-12.8621	0	-23.4456	0	0	1.97836	0
GLNA197	86.5209	-316.092	-139.117	-554.214	-23.5458	762.219	-706.991	37.0391	291.257	751.876	0	0	1.12406	17.2958	241.64	-12.8621	0	-23.4456	0	0	1.97836	0
SERA198	86.473	-316.092	-139.117	-554.214	-23.5458	762.209	-707.005	37.0391	291.254	751.853	0	0	1.12406	17.2961	241.633	-12.8621	0	-23.4456	0	0	1.97836	0
SERA199	86.3027	-316.051	-139.075	-554.209	-23.5458	762.195	-707.002	36.8375	291.21	751.853	0	0	1.12406	17.2961	241.633	-12.8621	0	-23.4456	0	0	1.97836	0
ARGA201	85.9865	-316.033	-139.075	-554.154	-23.5458	761.874	-707.027	36.8252	291.216	751.86	0	0	1.12406	17.2514	241.61	-12.8621	0	-23.4456	0	0	1.97836	0
THRA203	85.9865	-316.033	-139.075	-554.154	-23.5458	761.874	-707.027	36.8252	291.216	751.86	0	0	1.12406	17.2514	241.61	-12.8621	0	-23.4456	0	0	1.97836	0
SERA205	83.4197	-316.31	-139.57	-553.937	-23.5458	761.557	-706.656	36.9709	291.169	751.831	0	0	1.12406	15.1157	241.649	-12.8621	0	-23.4456	0	0	1.97836	0
THRA206	82.3572	-316.897	-138.934	-553.68	-23.5456	760.903	-706.515	36.078	291.168	751.876	0	0	1.12406	15.1095	241.614	-12.8621	0	-23.4456	0	0	1.97836	0
LYSA207	79.8067	-317.801	-139.916	-553.913	-23.5972	760.83	-706.967	35.3109	291.561	752.397	0	0	1.12406	15.1078	241.68	-12.8621	0	-23.4456	0	0	1.97836	0
ARGA208	78.1329	-319.228	-141.312	-554.083	-23.6494	761.006	-707.296	35.2887	293.118	752.39	0	0	1.12406	15.1042	241.883	-12.8621	0	-23.4456	0	0	1.97836	0
SERA209	78.0964	-319.247	-141.331	-554.082	-23.6494	761.005	-707.295	35.2877	293.118	752.391	0	0	1.12406	15.1042	241.881	-12.8621	0	-23.4456	0	0	1.97836	0
GLNA210	77.9251	-319.229	-141.331	-554.021	-23.6494	760.865	-707.261	35.2896	293.081	752.292	0	0	1.12406	15.0941	241.881	-12.8621	0	-23.4456	0	0	1.97836	0
GLNA211	77.8274	-319.328	-141.43	-554.023	-23.6494	760.87	-707.266	35.2874	293.178	752.298	0	0	1.12406	15.0953	241.881	-12.8621	0	-23.4456	0	0	1.97836	0
ILEA214	77.6457	-319.328	-141.43	-554.126	-23.6494	760.925	-707.462	35.2881	293.198	752.339	0	0	1.12406	15.096	241.881	-12.8621	0	-23.4456	0	0	1.97836	0
ASNA216	76.5707	-319.783	-142.044	-553.387	-23.6658	759.307	-706.974	35.2889	293.373	752.605	0	0	1.12406	15.104	241.878	-12.8969	0	-23.4456	0	0	1.96539	0
SERA219	76.4385	-319.783	-142.044	-553.373	-23.6658	759.22	-706.989	35.2889	293.365	752.569	0	0	1.12406	15.104	241.849	-12.8969	0	-23.4456	0	0	1.96539	0
ARGA220	76.4373	-319.783	-142.045	-553.373	-23.6657	759.219	-706.989	35.289	293.366	752.568	0	0	1.12406	15.104	241.849	-12.8969	0	-23.4456	0	0	1.96539	0
PROA221	76.4318	-319.783	-142.045	-553.38	-23.6656	759.226	-707	35.2896	293.369	752.569	0	0	1.12406	15.104	241.85	-12.8969	0	-23.4456	0	0	1.96539	0
ARGA222	76.3589	-319.783	-142.047	-553.332	-23.6652	759.103	-706.966	35.2896	293.347	752.564	0	0	1.12406	15.1027	241.841	-12.898	0	-23.4456	0	0	1.96539	0
ILEA223	76.1815	-319.783	-142.047	-553.394	-23.6602	759.215	-707.037	35.2889	293.356	752.585	0	0	1.12406	14.9116	241.84	-12.898	0	-23.4456	0	0	1.96539	0
ARGA224	76.1566	-319.793	-142.057	-553.401	-23.6579	759.218	-707.05	35.276	293.37	752.591	0	0	1.12406	14.9151	241.838	-12.898	0	-23.4456	0	0	1.96539	0
ASNA225	76.1334	-319.793	-142.144	-553.385	-23.6579	759.204	-707.025	35.276	293.408	752.59	0	0	1.12406	14.9148	241.837	-12.898	0	-23.4456	0	0	1.96539	0
SERA228	75.9487	-319.792	-142.086	-553.357	-23.6579	759.128	-707.01	35.2701	293.408	752.591	0	0	1.12406	14.7094	241.839	-12.898	0	-23.4456	0	0	1.96508	0
ARGA229	75.7519	-319.888	-142.185	-553.382	-23.655	759.17	-707.036	35.2705	293.409	752.59	0	0	1.12406	14.7125	241.841	-12.898	0	-23.4456	0	0	1.96508	0
SERA231	75.7296	-319.888	-142.196	-553.377	-23.6556	759.154	-707.036	35.2705	293.409	752.591	0	0	1.12406	14.7125	241.841	-12.898	0	-23.4456	0	0	1.96489	0
TYRA233	75.5203	-319.888	-142.196	-553.545	-23.6556	759.324	-707.256	35.2798	293.399	752.59	0	0	1.12406	14.7214	241.841	-12.898	0	-23.4456	0	0	1.96737	0
THRA235	74.2363	-319.892	-142.196	-553.555	-23.6556	759.174	-707.326	35.2408	293.387	752.591	0	0	1.12406	13.7187	241.839	-12.898	0	-23.4456	0	0	1.96737	0
LYSA238	72.8039	-319.951	-142.536	-554.164	-24.1545	759.82	-708.184	35.1993	293.611	752.632	0	0	1.12406	13.7823	241.966	-12.8984	0	-23.4456	0	0	1.96737	0
LEUA244	72.4221	-319.928	-142.536	-554.131	-24.1545	759.727	-708.166	35.1846	293.577	752.321	0	0	1.12406	13.7806	241.943	-12.8984	0	-23.4456	0	0	1.96737	0
ASNA246	70.1623	-320.55	-144.193	-554.893	-24.1545	760.15	-709.283	34.8931	294.921	752.804	0	0	1.12406	13.7216	242.048	-12.8984	0	-23.4456	0	0	1.96737	0
SERA247	69.7037	-320.584	-144.33	-554.893	-24.1545	760.149	-709.284	34.5648	294.921	752.803	0	0	1.12406	13.764	242.047	-12.8984	0	-23.4456	0	0	1.96737	0
THRA248	69.6743	-320.584	-144.33	-554.904	-24.1545	760.155	-709.29	34.5658	294.928	752.804	0	0	1.12406	13.737	242.046	-12.8984	0	-23.4456	0	0	1.96737	0
ASNA250	69.4404	-320.669	-144.441	-554.924	-24.1545	760.165	-709.312	34.5656	294.934	752.796	0	0	1.12406	13.7336	242.043	-12.8984	0	-23.4456	0	0	1.96737	0
ARGA255	69.1787	-320.712	-144.594	-554.925	-24.1465	760.111	-709.333	34.5668	294.934	752.796	0	0	1.12406	13.7337	242.047	-12.8983	0	-23.4456	0	0	1.96737	0
LYSA259	69.0888	-320.71	-144.594	-554.936	-24.1074	760.04	-709.388	34.5638	294.944	752.796	0	0	1.12406	13.7337	242.047	-12.8982	0	-23.4456	0	0	1.96737	0
ARGA261	66.7329	-320.718	-146.179	-554.929	-23.9946	759.491	-709.543	33.7793	295.555	752.799	0	0	1.12406	13.7333	242.096	-12.9072	0	-23.4456	0	0	1.96737	0
SERA262	66.3706	-320.913	-146.374	-554.943	-23.9946	759.395	-709.552	33.7798	295.755	752.801	0	0	1.12406	13.6781	242.096	-12.9072	0	-23.4456	0	0	1.96737	0
LYSA264	63.0688	-321.58	-147.832	-555.565	-24.7563	760.545	-710.194	32.9143	296.297	752.791	0	0	1.12406	13.6813	242.159	-12.9544	0	-23.4456	0	0	2.04307	0
SERA265	63.0688	-321.58	-147.832	-555.565	-24.7563	760.545	-710.194	32.9143	296.297	752.791	0	0	1.12406	13.6813	242.159	-12.9544	0	-23.4456	0	0	2.04307	0
SERA266	62.9664	-321.592	-147.901	-555.562	-24.7561	760.537	-710.193	32.898	296.297	752.791	0	0	1.12406	13.6813	242.159	-12.9544	0	-23.4456	0	0	2.04231	0
ARGA269	61.9202	-321.592	-148.202	-555.554	-25.1274	760.365	-710.251	32.9018	296.185	752.738	0	0	1.12406	13.6898	242.159	-12.9523	0	-23.4456	0	0	2.04192	0
SERA270	61.2557	-321.592	-148.201	-555.559	-25.1269	760.382	-710.25	32.2788	296.185	752.737	0	0	1.12406	13.6347	242.16	-12.9523	0	-23.4456	0	0	2.04192	0
ASPA271	61.2338	-321.609	-148.213	-555.558	-25.1239	760.38	-710.25	32.2788	296.184	752.746	0	0	1.12406	13.6314	242.16	-12.9523	0	-23.4456	0	0	2.04192	0
PROA273	61.2233	-321.609	-148.213	-555.565	-25.1239	760.384	-710.262	32.2788	296.189	752.746	0	0	1.12406	13.6314	242.161	-12.9523	0	-23.4456	0	0	2.04192	0
LYSA276	60.7132	-321.609	-148.929	-555.642	-25.4339	760.552	-710.345	32.2777	296.668	752.77	0	0	1.12406	13.6371	242.161	-12.9523	0	-23.4456	0	0	2.04192	0
ASNA278	60.6321	-321.608	-148.929	-555.639	-25.4339	760.473	-710.351	32.274	296.665	752.778	0	0	1.12406	13.6351	242.161	-12.9523	0	-23.4456	0	0	2.04192	0
SERA279	60.2463	-321.704	-149.028	-555.623	-25.4339	760.173	-710.349	32.2741	296.749	752.785	0	0	1.12406	13.6349	242.159	-12.9523	0	-23.4456	0	0	2.04192	0
GLUA280	58.6889	-321.685	-150.738	-555.46	-25.1725	759.52	-710.209	31.8822	297.497	752.772	0	0	1.12406	13.5481	242.146	-12.9526	0	-23.4456	0	0	2.00855	0
ASNA285	58.6355	-321.685	-150.787	-555.435	-25.1725	759.474	-710.192	31.882	297.497	752.771	0	0	1.12406	13.5481	242.125	-12.9526	0	-23.4456	0	0	2.00855	0
SERA287	58.6152	-321.429	-150.539	-555.431	-24.614	758.666	-710.191	31.882	297.51	752.771	0	0	1.12406	13.5481	242.125	-12.9117	0	-23.4456	0	0	1.67591	0
PROA289	58.5282	-321.428	-150.582	-555.547	-24.6533	758.891	-710.388	31.8971	297.568	752.775	0	0	1.12406	13.5526	242.125	-12.9117	0	-23.4456	0	0	1.67591	0
ASPA291	57.9122	-321.42	-150.266	-555.159	-24.1123	757.283	-710.097	31.8966	297.069	752.705	0	0	1.12406	13.541	242.129	-12.8827	0	-23.4456	0	0	1.67591	0
LYSA292	57.8983	-321.421	-150.27	-555.165	-24.1144	757.29	-710.106	31.8966	297.071	752.707	0	0	1.12406	13.5388	242.127	-12.8825	0	-23.4456	0	0	1.67591	0
GLNA295	57.2207	-321.689	-150.557	-555.178	-24.1144	757.158	-710.114	31.8038	297.081	752.82	0	0	1.12406	13.5386	242.103	-12.8825	0	-23.4456	0	0	1.67591	0
ASNA296	57.1346	-321.711	-150.586	-555.185	-24.1144	757.159	-710.125	31.8038	297.081	752.831	0	0	1.12406	13.51	242.104	-12.8825	0	-23.4456	0	0	1.67591	0
ASNA298	56.9001	-321.812	-150.706	-555.226	-24.1144	757.212	-710.168	31.8035	297.097	752.832	0	0	1.12406	13.5099	242.109	-12.8825	0	-23.4456	0	0	1.67591	0
ARGA299	55.0446	-323.175	-152.167	-555.12	-24.0747	756.837	-710.115	31.894	297.969	753.036	0	0	1.12406	13.4718	242.053	-12.866	0	-23.4456	0	0	1.67591	0
THRA301	54.7823	-323.154	-152.167	-555.086	-24.0771	756.59	-710.228	31.8929	297.987	753.014	0	0	1.12406	13.5224	241.991	-12.866	0	-23.4456	0	0	1.67591	0
ARGA307	53.9914	-323.153	-152.167	-555.058	-24.2656	756.285	-710.293	31.8282	297.828	753.034	0	0	1.12406	13.5223	241.988	-12.9231	0	-23.4456	0	0	1.67591	0
TYRA308	53.8947	-323.138	-152.167	-554.991	-24.2656	756.1	-710.293	31.8341	297.857	753.012	0	0	1.12406	13.5154	241.944	-12.9231	0	-23.4456	0	0	1.67591	0
LYSA310	52.2061	-323.158	-153.851	-555.142	-24.1671	755.746	-710.509	31.7947	298.562	753.012	0	0	1.12406	13.4862	241.88	-12.9231	0	-23.4456	0	0	1.67591	0
GLNA311	52.0161	-323.206	-153.858	-555.203	-24.1666	755.777	-710.611	31.794	298.56	753.012	0	0	1.12406	13.4861	241.887	-12.9231	0	-23.4456	0	0	1.67591	0
SERA312	51.5117	-323.226	-154.62	-555.201	-24.1666	755.729	-710.606	31.794	298.921	752.99	0	0	1.12406	13.4654	241.888	-12.9231	0	-23.4456	0	0	1.67591	0
THRA313	51.5117	-323.226	-154.62	-555.201	-24.1666	755.729	-710.606	31.794	298.921	752.99	0	0	1.12406	13.4654	241.888	-12.9231	0	-23.4456	0	0	1.67591	0
LYSA315	50.6017	-323.235	-155.47	-555.008	-24.0335	754.979	-710.479	31.7921	299.246	752.929	0	0	1.12406	13.4669	241.888	-12.9404	0	-23.4456	0	0	1.67591	0
THRA318	50.5879	-323.237	-155.477	-555.011	-24.0335	754.975	-710.485	31.7921	299.245	752.93	0	0	1.12406	13.4748	241.889	-12.9404	0	-23.4456	0	0	1.67591	0
ARGA321	50.1769	-323.193	-155.477	-554.748	-24.0014	754.475	-710.28	31.7951	299.061	752.913	0	0	1.12406	13.2175	241.889	-12.9404	0	-23.4456	0	0	1.67591	0
VALA323	50.1386	-323.192	-155.477	-554.775	-24.0014	754.518	-710.307	31.8057	299.062	752.91	0	0	1.12406	13.1799	241.889	-12.9404	0	-23.4456	0	0	1.67591	0
PROA324	49.9692	-323.198	-155.509	-554.94	-24.0041	754.7	-710.574	31.8192	299.154	752.927	0	0	1.12406	13.1801	241.891	-12.9404	0	-23.4456	0	0	1.67591	0
GLUA325	49.6175	-323.198	-155.509	-554.822	-24.1024	754.372	-710.454	31.8165	299.099	752.907	0	0	1.12406	13.0943	241.891	-12.9404	0	-23.4456	0	0	1.67591	0
ILEA331	49.55	-323.196	-155.509	-554.857	-24.1026	754.396	-710.52	31.814	299.129	752.91	0	0	1.12406	13.0709	241.854	-12.9404	0	-23.4456	0	0	1.67591	0
PHEA332	49.4197	-323.21	-155.51	-554.926	-24.1159	754.409	-710.646	31.878	299.141	752.915	0	0	1.12406	13.0714	241.875	-12.9404	0	-23.4456	0	0	1.67591	0
PHEA338	48.6783	-323.228	-155.505	-555.22	-24.2493	754.528	-711.169	32.0079	299.121	752.947	0	0	1.12406	13.0319	241.865	-12.9399	0	-23.4456	0	0	1.67591	0
GLUA340	48.5064	-323.228	-155.505	-555.454	-24.2784	754.788	-711.5	32.0104	299.227	752.999	0	0	1.12406	13.0349	241.865	-12.9399	0	-23.4456	0	0	1.67591	0
ASNA341	48.3008	-323.325	-155.602	-555.445	-24.2784	754.758	-711.49	32.0104	299.226	752.997	0	0	1.12406	13.0349	241.867	-12.9399	0	-23.4456	0	0	1.67591	0
GLUA344	47.5387	-323.325	-155.602	-555.051	-24.3759	753.675	-711.069	32.0068	298.955	752.874	0	0	1.12406	13.0362	241.803	-12.9399	0	-23.4456	0	0	1.67591	0
VALA347	47.4532	-323.325	-155.602	-555.055	-24.3759	753.637	-711.1	32.0068	298.957	752.872	0	0	1.12406	13.0236	241.802	-12.9399	0	-23.4456	0	0	1.67591	0
ASPA348	45.9576	-323.325	-155.602	-554.689	-24.3276	752.421	-710.761	32.0068	298.768	752.739	0	0	1.12406	12.3296	241.755	-12.9566	0	-23.4456	0	0	1.67591	0
ARGA354	45.7321	-323.342	-155.739	-554.514	-24.2964	752.093	-710.65	32.0068	298.764	752.682	0	0	1.12406	12.3296	241.727	-12.9566	0	-23.4456	0	0	1.67591	0
H1SA355	45.6457	-323.335	-155.739	-554.399	-24.3007	751.804	-710.542	31.9966	298.787	752.661	0	0	1.12406	12.347	241.724	-12.9609	0	-23.4456	0	0	1.64819	0
GLNA356	45.2588	-323.689	-156.093	-554.664	-24.3007	752.186	-710.737	32.0157	299.115	752.729	0	0	1.12406	12.3315	241.758	-12.9609	0	-23.4456	0	0	1.64819	0
ASNA357	45.2425	-323.696	-156.125	-554.658	-24.3003	752.171	-710.725	31.994	299.123	752.731	0	0	1.12406	12.3651	241.76	-12.9609	0	-23.4456	0	0	1.64415	0
SERA358	44.7377	-323.696	-156.101	-554.412	-24.3059	751.445	-710.577	31.9853	298.956	752.718	0	0	1.12406	12.363	241.749	-12.9609	0	-23.4456	0	0	1.64415	0
GLUA359	44.6761	-323.735	-156.138	-554.391	-24.3025	751.398	-710.557	31.9849	298.986	752.718	0	0	1.12406	12.3628	241.747	-12.972	0	-23.4456	0	0	1.64415	0
ARGA361	44.5687	-323.735	-156.138	-554.463	-24.3037	751.457	-710.664	31.985	299.022	752.729	0	0	1.12406	12.3297	241.747	-12.972	0	-23.4456	0	0	1.64415	0
GLNA363	44.5577	-323.732	-156.152	-554.463	-24.3037	751.457	-710.664	31.985	299.022	752.729	0	0	1.12406	12.3297	241.746	-12.972	0	-23.4456	0	0	1.64415	0
ASPA366	44.31	-323.847	-156.247	-554.494	-24.2868	751.548	-710.685	32.0573	299.019	752.729	0	0	1.12406	12.338	241.762	-13.1447	0	-23.4456	0	0	1.64415	0
LEUA367	43.8426	-323.862	-156.232	-554.725	-24.2888	751.512	-711.208	32.0575	299.251	752.7	0	0	1.12406	12.4599	241.915	-13.1439	0	-23.4456	0	0	1.64415	0
LYSA368	43.1396	-323.91	-156.232	-555.089	-24.342	751.538	-711.909	32.0556	299.586	752.7	0	0	1.12406	12.486	242.175	-13.0661	0	-23.4456	0	0	1.64415	0
SERA369	43.1396	-323.91	-156.232	-555.089	-24.342	751.538	-711.909	32.0556	299.586	752.7	0	0	1.12406	12.486	242.175	-13.0661	0	-23.4456	0	0	1.64415	0
GLNA371	43.1276	-323.91	-156.235	-555.057	-24.342	751.486	-711.875	32.0556	299.564	752.7	0	0	1.12406	12.4858	242.175	-13.0661	0	-23.4456	0	0	1.64415	0
ASPA375	42.8085	-323.909	-156.236	-555.114	-24.3484	751.39	-712.041	32.0942	299.619	752.7	0	0	1.12406	12.3952	242.181	-13.0639	0	-23.4456	0	0	1.64415	0
GLNA376	40.8203	-324.256	-156.074	-554.717	-23.6348	749.449	-711.826	32.0759	298.473	752.708	0	0	1.12406	12.4076	242.07	-13.1088	0	-23.4456	0	0	1.64415	0
ASNA378	39.9583	-324.87	-156.705	-554.767	-23.635	749.471	-711.846	32.0765	298.905	752.708	0	0	1.12406	12.4075	242.076	-13.1088	0	-23.4456	0	0	1.64415	0
LYSA380	39.9224	-324.873	-156.715	-554.768	-23.628	749.461	-711.849	32.0594	298.905	752.708	0	0	1.12406	12.4075	242.077	-13.1089	0	-23.4456	0	0	1.64415	0
ASNA382	39.3808	-325.442	-157.316	-554.74	-23.628	749.419	-711.786	32.0594	299.485	752.708	0	0	1.12406	12.4075	242.047	-13.1089	0	-23.4456	0	0	1.64415	0
ARGA383	39.3558	-325.442	-157.289	-554.723	-23.6142	749.364	-711.778	32.0271	299.485	752.706	0	0	1.12406	12.3978	242.042	-13.0997	0	-23.4456	0	0	1.64415	0
ILEA385	39.1828	-325.45	-157.289	-554.798	-23.6142	749.373	-711.944	32.0271	299.527	752.709	0	0	1.12406	12.4189	242.082	-13.0997	0	-23.4456	0	0	1.64415	0
LYSA387	39.1092	-325.565	-157.405	-554.806	-23.6098	749.41	-711.95	32.0429	299.646	752.711	0	0	1.12406	12.419	242.087	-13.1076	0	-23.4456	0	0	1.64415	0
THRA388	39.0753	-325.567	-157.405	-554.786	-23.6098	749.353	-711.941	32.0449	299.662	752.691	0	0	1.12406	12.4184	242.083	-13.1076	0	-23.4456	0	0	1.64415	0
ASNA389	38.7653	-325.567	-157.405	-554.783	-23.621	749.16	-712.063	32.0449	299.718	752.643	0	0	1.12406	12.4233	242.083	-13.1072	0	-23.4456	0	0	1.64415	0
GLUA390	38.7613	-325.829	-157.652	-554.783	-24.1895	749.956	-712.063	32.0449	299.706	752.643	0	0	1.12406	12.4206	242.083	-13.148	0	-23.4456	0	0	1.97678	0
LYSA391	38.7427	-325.829	-157.652	-554.821	-24.1887	749.98	-712.121	32.0448	299.739	752.664	0	0	1.12406	12.4206	242.083	-13.148	0	-23.4456	0	0	1.97678	0
PHEA392	38.7408	-325.828	-157.652	-554.818	-24.1902	749.979	-712.114	32.0337	299.738	752.664	0	0	1.12406	12.4206	242.083	-13.148	0	-23.4456	0	0	1.97658	0
HISA393	38.7407	-325.828	-157.652	-554.817	-24.1903	749.979	-712.114	32.0334	299.738	752.664	0	0	1.12406	12.4206	242.083	-13.1478	0	-23.4456	0	0	1.97678	0
GLNA394	38.6193	-325.832	-157.889	-554.804	-24.2052	749.979	-712.09	32.0132	299.869	752.651	0	0	1.12406	12.4198	242.083	-13.1478	0	-23.4456	0	0	1.97678	0
ILEA395	38.6025	-325.834	-157.889	-554.823	-24.2046	749.997	-712.12	32.0134	299.876	752.659	0	0	1.12406	12.4197	242.091	-13.1478	0	-23.4456	0	0	1.97678	0
GLUA396	38.1292	-325.834	-158.089	-554.823	-24.1611	749.796	-712.195	32.0135	299.947	752.657	0	0	1.12406	12.4072	242.101	-13.2279	0	-23.4456	0	0	1.96017	0
LYSA397	38.1106	-325.829	-158.08	-554.834	-24.1697	749.815	-712.207	32.0002	299.939	752.657	0	0	1.12406	12.4074	242.101	-13.2279	0	-23.4456	0	0	1.96017	0
GLUA398	37.3459	-326.534	-158.836	-554.83	-24.2019	750.042	-712.121	31.9946	300.64	752.519	0	0	1.12406	12.2848	242.075	-13.2495	0	-23.4456	0	0	1.96017	0
SERA400	35.9692	-326.534	-160.589	-554.825	-24.2436	750.006	-712.12	31.3304	301.821	752.528	0	0	1.12406	12.18	242.075	-13.2231	0	-23.4456	0	0	1.96017	0
GLUA401	35.9658	-326.534	-160.638	-554.826	-24.2404	750.011	-712.121	31.3502	301.841	752.528	0	0	1.12406	12.1808	242.075	-13.2239	0	-23.4456	0	0	1.96017	0
VALA402	35.9109	-326.534	-160.638	-554.837	-24.2404	750.008	-712.147	31.3502	301.853	752.524	0	0	1.12406	12.1575	242.075	-13.2239	0	-23.4456	0	0	1.96017	0
GLUA403	35.8748	-326.534	-160.801	-554.838	-24.2381	750.03	-712.146	31.3502	301.932	752.54	0	0	1.12406	12.1575	242.075	-13.2174	0	-23.4456	0	0	1.96017	0
ARGA405	35.6651	-326.534	-160.801	-555.068	-24.2904	750.187	-712.496	31.3514	302.12	752.54	0	0	1.12406	12.1579	242.161	-13.141	0	-23.4456	0	0	1.96017	0
ILEA406	35.6257	-326.534	-160.801	-555.091	-24.2907	750.191	-712.529	31.3504	302.137	752.54	0	0	1.12406	12.1553	242.159	-13.141	0	-23.4456	0	0	1.96017	0
ASPA408	35.4089	-326.534	-160.801	-554.953	-24.288	749.675	-712.422	31.3504	302.064	752.54	0	0	1.12406	12.1422	242.091	-13.004	0	-23.4456	0	0	1.96017	0
LEUA409	34.8583	-326.573	-160.801	-555.539	-24.2877	750.166	-713.363	31.4324	302.515	752.54	0	0	1.12406	12.1338	242.28	-13.004	0	-23.4456	0	0	1.96017	0
GLUA410	34.3065	-326.551	-160.822	-555.463	-24.3329	749.583	-713.406	31.4325	302.485	752.572	0	0	1.12406	12.1342	242.193	-12.9644	0	-23.4456	0	0	1.96017	0
LYSA411	33.8694	-326.565	-161.794	-555.649	-24.3848	749.969	-713.643	31.4371	303.102	752.571	0	0	1.12406	12.1342	242.281	-12.9457	0	-23.4456	0	0	1.96017	0
TYRA412	31.7745	-327.132	-162.338	-556.009	-24.3681	750.227	-714.093	30.4948	303.562	752.571	0	0	1.12406	12.1552	242.6	-12.934	0	-23.4456	0	0	1.96017	0
VALA413	31.7745	-327.132	-162.338	-556.009	-24.3681	750.227	-714.093	30.4948	303.562	752.571	0	0	1.12406	12.1552	242.6	-12.934	0	-23.4456	0	0	1.96017	0
GLUA414	31.7639	-327.133	-162.337	-556.008	-24.3786	750.219	-714.092	30.5008	303.561	752.571	0	0	1.12406	12.1551	242.6	-12.934	0	-23.4456	0	0	1.96017	0
ASPA415	31.5285	-327.142	-162.337	-556.088	-24.4722	750.285	-714.234	30.501	303.627	752.571	0	0	1.12406	12.1549	242.703	-12.9761	0	-23.4456	0	0	1.96017	0
THRA416	31.5093	-327.101	-162.299	-556.118	-24.4722	750.28	-714.307	30.501	303.642	752.571	0	0	1.12406	12.1505	242.701	-12.9761	0	-23.4456	0	0	1.96017	0
LYSA417	30.2729	-327.163	-162.373	-556.215	-24.3422	749.487	-714.749	30.4924	303.751	752.569	0	0	1.12406	12.1535	242.929	-12.9761	0	-23.4456	0	0	1.96017	0
ASPA419	30.2723	-327.164	-162.373	-556.215	-24.3421	749.486	-714.749	30.4925	303.751	752.569	0	0	1.12406	12.1535	242.929	-12.9761	0	-23.4456	0	0	1.96017	0
LEUA420	29.9841	-327.182	-162.373	-556.43	-24.3519	749.682	-715.112	30.4929	303.873	752.569	0	0	1.12406	12.1536	243.139	-12.9761	0	-23.4456	0	0	1.96017	0
TRPA421	29.536	-327.316	-162.373	-556.473	-24.4177	749.854	-715.43	30.4995	303.783	752.593	0	0	1.12406	12.155	243.412	-12.9779	0	-23.4456	0	0	1.96017	0
SERA422	29.536	-327.316	-162.373	-556.473	-24.4177	749.854	-715.43	30.4995	303.783	752.593	0	0	1.12406	12.155	243.412	-12.9779	0	-23.4456	0	0	1.96017	0
TYRA423	29.4129	-327.341	-162.373	-556.58	-24.4177	749.933	-715.588	30.4995	303.865	752.593	0	0	1.12406	12.161	243.423	-12.9779	0	-23.4456	0	0	1.96017	0
ASNA424	28.8656	-327.845	-162.914	-556.543	-24.4177	749.88	-715.516	30.4995	304.296	752.593	0	0	1.12406	12.1721	243.398	-12.9779	0	-23.4456	0	0	1.96017	0
GLUA426	28.5342	-327.911	-163.208	-556.556	-24.3937	749.896	-715.541	30.5018	304.331	752.593	0	0	1.12406	12.1622	243.371	-12.9779	0	-23.4456	0	0	1.96017	0
LEUA427	28.502	-327.91	-163.208	-556.568	-24.3937	749.895	-715.573	30.5018	304.341	752.593	0	0	1.12406	12.1641	243.373	-12.9779	0	-23.4456	0	0	1.96017	0
LEUA428	27.6655	-327.915	-163.208	-556.9	-24.3221	749.771	-716.379	30.4581	304.527	752.593	0	0	1.12406	12.3817	243.406	-12.9779	0	-23.4456	0	0	1.96017	0
LEUA431	27.4253	-327.924	-163.208	-557.003	-24.3221	749.775	-716.61	30.4717	304.612	752.593	0	0	1.12406	12.3799	243.407	-12.9779	0	-23.4456	0	0	1.96017	0
GLUA432	26.2849	-328.571	-162.857	-556.44	-23.4557	748.255	-716.124	29.7487	304.298	752.443	0	0	1.12406	12.274	243.592	-12.9252	0	-23.4456	0	0	1.96017	0
GLNA434	24.8462	-328.037	-164.371	-556.322	-23.4242	748.096	-715.982	29.7306	304.963	751.335	0	0	1.12406	12.1451	243.579	-12.9252	0	-23.4456	0	0	1.96017	0
H2SA435	24.8213	-328.037	-164.366	-556.348	-23.427	748.121	-716.016	29.7352	304.964	751.335	0	0	1.12406	12.1452	243.579	-12.9252	0	-23.4456	0	0	1.96017	0
THRA436	24.436	-328.066	-164.324	-556.395	-23.4144	748.148	-716.1	29.1549	304.967	751.341	0	0	1.12406	12.4115	243.644	-12.9252	0	-23.4456	0	0	1.96017	0
ASPA438	24.2594	-328.158	-164.389	-556.381	-23.3985	748.107	-716.089	29.155	304.964	751.344	0	0	1.12406	12.3922	243.644	-12.9252	0	-23.4456	0	0	1.96017	0
ASPA441	21.5104	-328.919	-164.858	-556.397	-23.4024	747.932	-716.1	27.8347	304.964	751.518	0	0	1.12406	12.2248	243.701	-12.9252	0	-23.4456	0	0	1.96017	0
SERA442	21.0265	-329.562	-165.49	-556.453	-23.4022	748.144	-716.101	28.1634	305.212	751.518	0	0	1.12406	12.2835	243.676	-12.9252	0	-23.4456	0	0	1.96017	0
GLUA443	20.854	-329.581	-165.49	-556.391	-23.4023	747.924	-716.066	28.1697	305.157	751.518	0	0	1.12406	12.2856	243.602	-12.9086	0	-23.4456	0	0	1.96017	0
ASNA445	20.726	-329.596	-165.491	-556.386	-23.4074	747.872	-716.107	28.1703	305.17	751.483	0	0	1.12406	12.2882	243.588	-12.9086	0	-23.4456	0	0	1.96017	0
LYSA446	20.7202	-329.595	-165.491	-556.381	-23.4109	747.869	-716.1	28.1703	305.164	751.483	0	0	1.12406	12.2801	243.586	-12.9081	0	-23.4456	0	0	1.96017	0
GLUA449	19.5291	-329.544	-167.112	-556.294	-23.3787	747.596	-716.009	28.1741	305.61	751.485	0	0	1.12406	12.2844	243.564	-12.9216	0	-23.4456	0	0	1.96017	0
LYSA450	19.4989	-329.539	-167.106	-556.273	-23.2994	747.49	-715.994	28.1729	305.61	751.485	0	0	1.12406	12.2834	243.549	-12.9705	0	-23.4456	0	0	1.96017	0
LYSA452	19.3807	-329.539	-167.12	-556.418	-23.2776	747.575	-716.202	28.1879	305.736	751.485	0	0	1.12406	12.2825	243.596	-12.968	0	-23.4456	0	0	1.96017	0
LYSA453	19.1049	-329.562	-167.12	-556.527	-23.1105	747.532	-716.401	28.1881	305.676	751.485	0	0	1.12406	12.284	243.708	-12.9785	0	-23.4456	0	0	1.96017	0
GLNA454	18.2662	-329.557	-167.159	-556.477	-23.1093	746.899	-716.533	28.186	305.675	751.512	0	0	1.12406	12.1693	243.564	-12.9785	0	-23.4456	0	0	1.96017	0
ARGA456	16.247	-330.441	-168.016	-556.239	-23.0001	746.288	-716.416	28.1173	306.163	751.548	0	0	1.12406	12.1766	243.884	-13.5252	0	-23.4456	0	0	1.9131	0
GLUA457	15.8877	-330.533	-168.203	-556.248	-23.0337	746.27	-716.423	28.063	306.239	751.534	0	0	1.12406	12.1805	243.885	-13.5582	0	-23.4456	0	0	1.92223	0
ASNA458	13.9475	-330.842	-168.496	-556.336	-23.0347	746.311	-716.533	26.9172	306.305	751.508	0	0	1.12406	12.1084	243.852	-13.5582	0	-23.4456	0	0	1.91913	0
GLUA460	13.1242	-330.922	-169.422	-556.201	-22.7372	745.845	-716.434	26.9093	306.494	751.498	0	0	1.12406	12.0859	243.847	-13.5879	0	-23.4456	0	0	1.91913	0
ASPA461	13.1242	-330.922	-169.422	-556.201	-22.7372	745.845	-716.434	26.9093	306.494	751.498	0	0	1.12406	12.0859	243.847	-13.5879	0	-23.4456	0	0	1.91913	0
ASNA464	11.4077	-331.413	-169.835	-556.434	-22.7251	745.358	-716.958	26.9553	306.933	751.506	0	0	1.12406	12.0105	243.865	-13.5879	0	-23.4456	0	0	1.91913	0
LYSA468	10.9544	-331.401	-171.181	-556.464	-22.7092	745.491	-716.966	27.0405	307.639	751.493	0	0	1.12406	12.0105	243.865	-13.5958	0	-23.4456	0	0	1.91913	0
H2SA471	10.5096	-331.402	-171.145	-556.462	-22.7092	745.513	-716.97	26.5467	307.633	751.492	0	0	1.12406	12.0106	243.867	-13.5958	0	-23.4456	0	0	1.91913	0
LYSA472	10.3677	-331.402	-172.698	-556.383	-22.5896	745.443	-716.834	26.5764	308.762	751.518	0	0	1.12406	12.0127	243.885	-13.6345	0	-23.4456	0	0	1.91913	0
ASPA474	10.3457	-331.413	-172.709	-556.383	-22.5893	745.45	-716.835	26.5765	308.762	751.518	0	0	1.12406	12.0166	243.885	-13.6456	0	-23.4456	0	0	1.91913	0
ASNA475	10.327	-331.413	-172.724	-556.384	-22.5892	745.452	-716.835	26.5765	308.762	751.518	0	0	1.12406	12.012	243.885	-13.6456	0	-23.4456	0	0	1.91913	0
SERA480	10.1404	-331.409	-172.72	-556.385	-22.5892	745.453	-716.836	26.3764	308.762	751.519	0	0	1.12406	12.0169	243.884	-13.6456	0	-23.4456	0	0	1.91913	0
ARGA482	8.73451	-333.037	-173.298	-555.722	-22.6697	744.504	-716.098	26.3762	309.105	751.723	0	0	1.12406	11.9009	243.353	-13.6276	0	-23.4456	0	0	1.89821	0
ASNA483	8.69221	-333.097	-173.346	-555.75	-22.6697	744.554	-716.117	26.3762	309.105	751.723	0	0	1.12406	11.9631	243.359	-13.6276	0	-23.4456	0	0	1.89821	0
THRA485	8.61925	-333.097	-173.341	-555.592	-22.6697	744.177	-716.02	26.3762	309.045	751.719	0	0	1.12406	12.073	243.28	-13.6276	0	-23.4456	0	0	1.89821	0
ASPA487	8.59236	-333.132	-173.377	-555.593	-22.6712	744.182	-716.021	26.3762	309.046	751.719	0	0	1.12406	12.1152	243.281	-13.6283	0	-23.4456	0	0	1.89818	0
H1SA488	8.57903	-333.132	-173.377	-555.609	-22.6716	744.191	-716.048	26.3809	309.06	751.718	0	0	1.12406	12.1167	243.281	-13.6283	0	-23.4456	0	0	1.89949	0
ASPA489	8.5671	-333.132	-173.377	-555.623	-22.7521	744.199	-716.048	26.382	309.126	751.705	0	0	1.12406	12.1168	243.263	-13.6138	0	-23.4456	0	0	1.90615	0
VALA490	8.5671	-333.132	-173.377	-555.623	-22.7521	744.199	-716.048	26.382	309.126	751.705	0	0	1.12406	12.1168	243.263	-13.6138	0	-23.4456	0	0	1.90615	0
TYRA491	8.46118	-333.132	-173.377	-555.73	-22.7287	744.28	-716.187	26.3787	309.153	751.715	0	0	1.12406	12.1178	243.331	-13.6138	0	-23.4456	0	0	1.90615	0
ARGA492	8.46046	-333.132	-173.377	-555.728	-22.7282	744.277	-716.185	26.3787	309.15	751.715	0	0	1.12406	12.1194	243.331	-13.6143	0	-23.4456	0	0	1.90615	0
ASPA493	8.31798	-333.857	-174.103	-555.952	-22.5207	745.03	-716.302	26.3895	309.607	751.751	0	0	1.12406	12.8678	243.652	-14.1766	0	-23.4456	0	0	1.90615	0
GLUA494	8.14983	-333.846	-174.103	-555.906	-22.5077	744.812	-716.285	26.3891	309.58	751.744	0	0	1.12406	12.8577	243.635	-14.1714	0	-23.4456	0	0	1.90615	0
ASNA497	7.50703	-334.45	-174.734	-555.927	-22.5077	744.845	-716.288	26.3898	310.145	751.744	0	0	1.12406	12.8766	243.76	-14.1714	0	-23.4456	0	0	1.90615	0
ASNA498	7.40863	-334.494	-174.776	-555.937	-22.5077	744.854	-716.299	26.3898	310.146	751.743	0	0	1.12406	12.8766	243.759	-14.1714	0	-23.4456	0	0	1.90615	0
ARGA499	7.34317	-334.511	-174.789	-555.918	-22.4819	744.786	-716.293	26.3716	310.148	751.743	0	0	1.12406	12.8764	243.755	-14.1726	0	-23.4456	0	0	1.90615	0
PHEA500	7.22827	-334.521	-174.789	-556.038	-22.4723	744.875	-716.491	26.3781	310.256	751.743	0	0	1.12406	12.8769	243.781	-14.1726	0	-23.4456	0	0	1.90615	0
GLNA501	6.49649	-335.032	-175.3	-556.094	-22.4723	744.8	-716.505	26.3904	310.701	751.74	0	0	1.12406	12.8564	243.816	-14.1726	0	-23.4456	0	0	1.90615	0
ILEA502	6.4536	-335.032	-175.3	-556.047	-22.4723	744.681	-716.466	26.3904	310.696	751.732	0	0	1.12406	12.8587	243.816	-14.1726	0	-23.4456	0	0	1.90615	0
