FoldX 3.0 Beta 6.1 (2014)
by the FoldX Consortium 
Jesper Borg, Frederic Rousseau, Joost Schymkowitz,
Luis Serrano and Francois Stricher
------------------------------------------------------

PDB file analysed: 2YP7_original.pdb
Output type: RepairPDB
2YP7_original.pdb
Starting Structure	132.561	-315.606	-114.596	-562.382	-22.0036	792.315	-709.469	48.3796	289.134	741.702	0	0	1.12406	15.8979	232.294	-11.8975	0	-22.0182	0	0	1.97987	0
Now Optimizing Residues.
ASNA8	124.031	-317.103	-117.883	-562.143	-21.998	790.774	-709.425	44.5831	289.683	741.613	0	0	1.12406	16.723	232.147	-11.8975	0	-22.0182	0	0	1.99849	0
SERA9	124.031	-317.103	-117.883	-562.143	-21.998	790.774	-709.425	44.5831	289.683	741.613	0	0	1.12406	16.723	232.147	-11.8975	0	-22.0182	0	0	1.99849	0
THRA10	123.993	-317.103	-117.883	-562.135	-21.998	790.738	-709.432	44.5831	289.681	741.613	0	0	1.12406	16.723	232.147	-11.8975	0	-22.0182	0	0	1.99849	0
THRA12	123.983	-317.103	-117.883	-562.136	-21.998	790.733	-709.436	44.5831	289.68	741.613	0	0	1.12406	16.723	232.147	-11.8975	0	-22.0182	0	0	1.99849	0
LEUA15	123.559	-317.103	-117.883	-562.135	-21.998	790.732	-709.436	44.5833	289.68	741.613	0	0	1.12406	16.2984	232.147	-11.8975	0	-22.0182	0	0	1.99849	0
H2SA18	123.493	-317.104	-117.883	-562.135	-21.998	790.687	-709.44	44.5836	289.68	741.601	0	0	1.12406	16.2935	232.151	-11.8975	0	-22.0182	0	0	1.99854	0
VALA20	123.395	-317.104	-117.883	-562.163	-21.998	790.684	-709.505	44.5837	289.68	741.6	0	0	1.12406	16.2935	232.151	-11.8975	0	-22.0182	0	0	1.99849	0
PROA21	123.391	-317.104	-117.883	-562.164	-21.998	790.684	-709.509	44.5837	289.681	741.601	0	0	1.12406	16.2935	232.151	-11.8975	0	-22.0182	0	0	1.99849	0
ASNA22	123.385	-317.104	-117.883	-562.164	-21.998	790.684	-709.508	44.5837	289.681	741.601	0	0	1.12406	16.2869	232.151	-11.8975	0	-22.0182	0	0	1.99849	0
THRA24	123.374	-317.104	-117.883	-562.165	-21.998	790.678	-709.513	44.5836	289.681	741.601	0	0	1.12406	16.2857	232.151	-11.8975	0	-22.0182	0	0	1.99849	0
ILEA25	123.345	-317.104	-117.883	-562.167	-21.998	790.681	-709.515	44.5836	289.68	741.6	0	0	1.12406	16.2604	232.15	-11.8975	0	-22.0182	0	0	1.99849	0
LYSA27	123.292	-317.087	-117.874	-562.168	-22.0002	790.615	-709.536	44.5836	289.689	741.602	0	0	1.12406	16.2604	232.111	-11.8975	0	-22.0182	0	0	1.99849	0
ILEA29	123.232	-317.087	-117.875	-562.195	-22.0002	790.614	-709.594	44.5859	289.704	741.602	0	0	1.12406	16.2693	232.112	-11.8975	0	-22.0182	0	0	1.99849	0
THRA30	123.228	-317.087	-117.875	-562.196	-22.0002	790.618	-709.594	44.5868	289.705	741.602	0	0	1.12406	16.2601	232.112	-11.8975	0	-22.0182	0	0	1.99849	0
ASNA31	123.221	-317.087	-117.873	-562.19	-22.0003	790.606	-709.591	44.5861	289.7	741.603	0	0	1.12406	16.2601	232.11	-11.8975	0	-22.0182	0	0	1.99849	0
ASPA32	123.21	-317.087	-117.873	-562.193	-21.9984	790.606	-709.598	44.5861	289.697	741.604	0	0	1.12406	16.2601	232.11	-11.8975	0	-22.0182	0	0	1.99849	0
GLNA33	123.201	-317.087	-117.873	-562.198	-21.9984	790.604	-709.611	44.5861	289.708	741.603	0	0	1.12406	16.2601	232.11	-11.8975	0	-22.0182	0	0	1.99849	0
GLUA35	123.173	-317.088	-117.893	-562.193	-21.9967	790.581	-709.613	44.5962	289.708	741.604	0	0	1.12406	16.2601	232.11	-11.8975	0	-22.0182	0	0	1.99849	0
THRA37	123.161	-317.088	-117.893	-562.174	-21.9967	790.539	-709.594	44.5979	289.708	741.595	0	0	1.12406	16.2598	232.11	-11.8975	0	-22.0182	0	0	1.9985	0
ASNA38	123.149	-317.102	-117.907	-562.173	-21.9967	790.54	-709.593	44.5979	289.722	741.595	0	0	1.12406	16.2598	232.11	-11.8975	0	-22.0182	0	0	1.9985	0
THRA40	123.148	-317.102	-117.907	-562.176	-21.9967	790.544	-709.598	44.5979	289.724	741.595	0	0	1.12406	16.2598	232.11	-11.8975	0	-22.0182	0	0	1.9985	0
GLUA41	121.644	-317.175	-117.972	-562.168	-22.0045	790.439	-709.614	43.3403	289.74	741.592	0	0	1.12406	16.2598	232.11	-11.898	0	-22.0182	0	0	1.9985	0
GLNA44	121.468	-317.252	-118.028	-562.15	-21.9944	790.358	-709.607	43.3403	289.74	741.596	0	0	1.12406	16.2598	232.11	-11.898	0	-22.0182	0	0	1.9985	0
SERA45	121.466	-317.252	-118.028	-562.149	-21.9944	790.355	-709.607	43.3403	289.74	741.595	0	0	1.12406	16.2598	232.11	-11.898	0	-22.0182	0	0	1.9985	0
SERA46	121.459	-317.252	-118.028	-562.149	-21.9944	790.355	-709.607	43.3403	289.74	741.595	0	0	1.12406	16.2523	232.11	-11.898	0	-22.0182	0	0	1.9985	0
SERA47	121.433	-317.26	-118.035	-562.149	-21.9944	790.354	-709.607	43.3403	289.74	741.595	0	0	1.12406	16.2428	232.11	-11.898	0	-22.0182	0	0	1.9985	0
THRA48	121.433	-317.26	-118.035	-562.149	-21.9944	790.354	-709.607	43.3403	289.74	741.595	0	0	1.12406	16.2428	232.11	-11.898	0	-22.0182	0	0	1.9985	0
ASPA53	120.903	-317.452	-118.058	-562.166	-21.9988	790.195	-709.631	43.3403	289.749	741.599	0	0	1.12406	16.1192	232.11	-11.898	0	-22.0182	0	0	1.9985	0
SERA54	120.846	-317.453	-118.148	-562.177	-21.9989	790.231	-709.632	43.3404	289.749	741.6	0	0	1.12406	16.1283	232.11	-11.898	0	-22.0182	0	0	1.9985	0
PROA55	120.835	-317.453	-118.148	-562.183	-21.9981	790.231	-709.645	43.3415	289.749	741.607	0	0	1.12406	16.1283	232.11	-11.898	0	-22.0182	0	0	1.99791	0
GLNA57	120.774	-317.449	-118.148	-562.153	-21.9981	790.152	-709.638	43.3404	289.729	741.605	0	0	1.12406	16.1283	232.089	-11.898	0	-22.0182	0	0	1.99791	0
ASPA60	120.514	-317.453	-118.217	-562.17	-22.0546	790.207	-709.656	43.2972	289.735	741.605	0	0	1.12406	16.0153	232.087	-11.8981	0	-22.0182	0	0	1.99791	0
GLUA62	120.481	-317.452	-118.217	-562.163	-22.0793	790.195	-709.645	43.2949	289.732	741.605	0	0	1.12406	16.0061	232.086	-11.9001	0	-22.0182	0	0	1.99791	0
ASNA63	120.471	-317.453	-118.217	-562.187	-22.0793	790.217	-709.676	43.2948	289.753	741.609	0	0	1.12406	16.0059	232.087	-11.9001	0	-22.0182	0	0	1.99791	0
THRA65	120.257	-317.573	-118.326	-562.19	-22.0779	790.224	-709.679	43.2956	289.753	741.609	0	0	1.12406	16.0175	232.087	-11.9001	0	-22.0182	0	0	1.99791	0
ASPA68	119.531	-317.573	-118.294	-562.183	-22.0845	790.197	-709.677	42.5554	289.753	741.609	0	0	1.12406	16.0102	232.074	-11.8865	0	-22.0182	0	0	1.99791	0
ASPA73	119.353	-317.668	-118.382	-562.177	-22.0954	790.176	-709.672	42.5556	289.754	741.609	0	0	1.12406	16.0347	232.077	-11.8859	0	-22.0182	0	0	1.99791	0
GLNA75	118.007	-318.063	-118.806	-562.173	-22.0965	789.865	-709.669	42.2151	289.883	741.605	0	0	1.12406	16.029	232.075	-11.8859	0	-22.0182	0	0	1.99791	0
ASPA77	116.149	-318.062	-119.36	-562.168	-22.1007	789.618	-709.665	41.1511	289.884	741.605	0	0	1.12406	16.0255	232.07	-11.883	0	-22.0182	0	0	1.99791	0
GLNA80	116.121	-318.062	-119.36	-562.151	-22.0901	789.576	-709.665	41.1511	289.874	741.605	0	0	1.12406	16.0231	232.069	-11.883	0	-22.0182	0	0	1.99791	0
ASNA81	116.104	-318.072	-119.371	-562.151	-22.0899	789.576	-709.665	41.1515	289.877	741.605	0	0	1.12406	16.0231	232.072	-11.883	0	-22.0182	0	0	1.99791	0
LYSA82	116.031	-318.072	-119.371	-562.133	-22.0886	789.492	-709.642	41.1389	289.865	741.605	0	0	1.12406	16.023	232.077	-11.8906	0	-22.0182	0	0	1.99791	0
LYSA83	115.933	-318.072	-119.371	-562.089	-22.0359	789.325	-709.617	41.1376	289.813	741.605	0	0	1.12406	16.023	232.076	-11.8899	0	-22.0182	0	0	1.99791	0
ASPA85	115.874	-318.106	-119.404	-562.095	-22.0366	789.344	-709.622	41.1375	289.815	741.605	0	0	1.12406	16.023	232.076	-11.891	0	-22.0182	0	0	1.99776	0
PHEA87	115.733	-318.102	-119.404	-562.087	-22.0102	789.318	-709.613	41.1375	289.815	741.599	0	0	1.12406	15.8686	232.076	-11.8911	0	-22.0182	0	0	1.99776	0
GLUA89	115.637	-318.098	-119.439	-562.101	-22.0615	789.331	-709.637	41.1384	289.815	741.599	0	0	1.12406	15.8686	232.076	-11.8823	0	-22.0182	0	0	1.99776	0
ARGA90	115.383	-318.256	-119.635	-562.097	-22.054	789.323	-709.639	41.1503	289.82	741.679	0	0	1.12406	15.8698	232.076	-11.8827	0	-22.0182	0	0	1.99776	0
SERA91	115.381	-318.256	-119.635	-562.096	-22.0539	789.32	-709.638	41.1501	289.819	741.679	0	0	1.12406	15.8698	232.076	-11.8827	0	-22.0182	0	0	1.99776	0
LYSA92	115.239	-318.256	-119.635	-562.089	-22.0532	789.201	-709.653	41.1499	289.8	741.691	0	0	1.12406	15.8622	232.072	-11.8828	0	-22.0182	0	0	1.99776	0
TYRA94	115.225	-318.255	-119.636	-562.09	-22.0532	789.191	-709.661	41.1483	289.795	741.703	0	0	1.12406	15.8623	232.055	-11.8828	0	-22.0182	0	0	1.99776	0
SERA95	115.149	-318.255	-119.733	-562.092	-22.0529	789.195	-709.662	41.1666	289.795	741.703	0	0	1.12406	15.8623	232.055	-11.8828	0	-22.0182	0	0	1.99776	0
ASNA96	115.119	-318.255	-119.732	-562.082	-22.053	789.163	-709.664	41.1666	289.792	741.698	0	0	1.12406	15.8651	232.054	-11.8828	0	-22.0182	0	0	1.99776	0
CYSA97	114.938	-318.255	-119.733	-562.082	-22.0529	789.162	-709.663	41.0362	289.793	741.697	0	0	1.12406	15.8651	232.055	-11.8828	0	-22.0695	0	0	1.99776	0
TYRA100	114.634	-318.255	-119.779	-562.074	-22.0424	789.112	-709.684	40.8102	289.795	741.693	0	0	1.12406	15.8871	232.056	-11.8828	0	-22.0695	0	0	1.99776	0
ASPA101	114.455	-318.255	-119.866	-562.062	-22.0338	789.078	-709.673	40.8102	289.795	741.694	0	0	1.12406	15.7981	232.056	-11.8832	0	-22.0695	0	0	1.99775	0
PROA103	114.453	-318.255	-119.866	-562.062	-22.0338	789.077	-709.674	40.8102	289.795	741.693	0	0	1.12406	15.7981	232.056	-11.8832	0	-22.0695	0	0	1.99775	0
ASPA104	114.116	-318.253	-119.866	-562.052	-22.0316	789.024	-709.668	40.4687	289.794	741.693	0	0	1.12406	15.7981	232.05	-11.844	0	-22.0695	0	0	1.99775	0
TYRA105	114.012	-318.252	-119.866	-562.076	-22.0299	789.013	-709.71	40.4731	289.809	741.7	0	0	1.12406	15.742	232.012	-11.8446	0	-22.0695	0	0	1.99775	0
SERA107	113.856	-318.251	-119.866	-562.069	-22.0299	788.997	-709.703	40.3232	289.806	741.7	0	0	1.12406	15.7418	232.01	-11.8446	0	-22.0695	0	0	1.99775	0
ARGA109	112.492	-318.252	-119.943	-562.075	-23.9407	789.01	-709.696	40.0516	290.682	741.705	0	0	1.12406	15.7419	232.009	-11.843	0	-22.0695	0	0	1.99775	0
SERA110	112.464	-318.252	-119.978	-562.075	-23.9407	789.01	-709.697	40.0509	290.682	741.705	0	0	1.12406	15.7505	232.01	-11.843	0	-22.0695	0	0	1.99758	0
LEUA111	112.218	-318.253	-119.978	-562.055	-23.9407	789.012	-709.644	40.0509	290.658	741.705	0	0	1.12406	15.454	232.012	-11.843	0	-22.0695	0	0	1.99758	0
SERA114	112.203	-318.253	-119.978	-562.056	-23.9408	789.014	-709.645	40.0509	290.658	741.705	0	0	1.12406	15.4383	232.012	-11.843	0	-22.0695	0	0	1.99789	0
SERA115	112.2	-318.252	-119.978	-562.057	-23.9408	789.015	-709.647	40.0485	290.659	741.705	0	0	1.12406	15.4383	232.011	-11.843	0	-22.0695	0	0	1.99789	0
THRA117	112.12	-318.283	-120.015	-562.056	-23.9399	789.015	-709.645	40.0335	290.659	741.705	0	0	1.12406	15.4383	232.012	-11.843	0	-22.0695	0	0	1.99789	0
GLUA119	112.025	-318.283	-120.014	-562.042	-23.9257	788.972	-709.636	39.953	290.647	741.705	0	0	1.12406	15.4383	232.012	-11.842	0	-22.0695	0	0	1.99789	0
ASNA121	112	-318.271	-120.02	-562.016	-23.9258	788.909	-709.619	39.9449	290.645	741.705	0	0	1.12406	15.4364	232.012	-11.842	0	-22.0695	0	0	1.99789	0
ASNA122	111.961	-318.271	-120.02	-562.028	-23.9259	788.889	-709.633	39.9449	290.65	741.706	0	0	1.12406	15.4364	232.012	-11.842	0	-22.0695	0	0	1.99789	0
GLUA123	111.721	-318.271	-120.286	-562.031	-23.9568	788.911	-709.63	39.9821	290.649	741.707	0	0	1.12406	15.4364	232.014	-11.8416	0	-22.0695	0	0	1.99789	0
SERA124	111.721	-318.271	-120.286	-562.031	-23.9568	788.911	-709.63	39.9821	290.649	741.707	0	0	1.12406	15.4364	232.014	-11.8416	0	-22.0695	0	0	1.99789	0
ASNA126	111.64	-318.248	-120.267	-562.027	-23.9568	788.904	-709.627	40.0036	290.649	741.705	0	0	1.12406	15.2935	232.013	-11.8416	0	-22.0695	0	0	1.99789	0
TRPA127	111.299	-318.249	-120.267	-562.039	-23.9568	788.868	-709.684	39.8031	290.647	741.673	0	0	1.12406	15.2932	232.01	-11.8416	0	-22.0695	0	0	1.99789	0
THRA128	111.138	-318.249	-120.269	-562.037	-23.9568	788.863	-709.684	39.6516	290.647	741.673	0	0	1.12406	15.2889	232.01	-11.8416	0	-22.0695	0	0	1.99789	0
THRA131	111.137	-318.249	-120.269	-562.036	-23.9568	788.859	-709.683	39.6522	290.647	741.673	0	0	1.12406	15.2879	232.01	-11.8416	0	-22.0695	0	0	1.99789	0
GLNA132	111.031	-318.249	-120.41	-562.058	-23.9568	788.866	-709.718	39.6524	290.73	741.672	0	0	1.12406	15.29	231.995	-11.8416	0	-22.0695	0	0	1.99789	0
ASNA133	111.002	-318.248	-120.398	-562.06	-23.9569	788.837	-709.73	39.6492	290.735	741.674	0	0	1.12406	15.289	231.995	-11.8416	0	-22.0695	0	0	1.99789	0
THRA135	110.999	-318.249	-120.398	-562.06	-23.9569	788.836	-709.733	39.6497	290.736	741.674	0	0	1.12406	15.289	231.995	-11.8416	0	-22.0695	0	0	1.99789	0
SERA136	110.985	-318.256	-120.405	-562.061	-23.9569	788.838	-709.733	39.6497	290.736	741.674	0	0	1.12406	15.289	231.996	-11.8416	0	-22.0695	0	0	1.99789	0
SERA137	110.985	-318.256	-120.405	-562.061	-23.9569	788.837	-709.733	39.6497	290.736	741.674	0	0	1.12406	15.289	231.996	-11.8416	0	-22.0695	0	0	1.99789	0
LYSA140	110.675	-318.257	-120.566	-562.053	-23.9583	788.789	-709.731	39.4652	290.81	741.676	0	0	1.12406	15.289	231.996	-11.8416	0	-22.0695	0	0	1.99789	0
ARGA141	107.059	-318.849	-122.111	-562.109	-24.0461	788.64	-709.781	38.3235	290.819	741.677	0	0	1.12406	15.289	232.001	-11.8456	0	-22.0695	0	0	1.99789	0
LYSA142	107.053	-318.849	-122.111	-562.112	-24.0512	788.643	-709.784	38.3237	290.821	741.679	0	0	1.12406	15.289	232.001	-11.8468	0	-22.0695	0	0	1.99789	0
SERA143	107.053	-318.849	-122.111	-562.112	-24.0512	788.643	-709.784	38.3237	290.821	741.679	0	0	1.12406	15.289	232.001	-11.8468	0	-22.0695	0	0	1.99789	0
ASNA144	107.05	-318.849	-122.111	-562.108	-24.0512	788.637	-709.78	38.3236	290.819	741.675	0	0	1.12406	15.289	231.998	-11.8468	0	-22.0695	0	0	1.99789	0
ASNA145	107.018	-318.849	-122.14	-562.099	-24.0512	788.612	-709.782	38.3236	290.834	741.671	0	0	1.12406	15.2927	231.999	-11.8468	0	-22.0695	0	0	1.99789	0
SERA146	106.945	-318.849	-122.14	-562.098	-24.0509	788.603	-709.782	38.2583	290.833	741.672	0	0	1.12406	15.2927	231.998	-11.8468	0	-22.0695	0	0	1.99789	0
SERA149	106.901	-318.839	-122.14	-562.077	-24.0468	788.538	-709.782	38.2532	290.824	741.672	0	0	1.12406	15.2927	231.997	-11.8468	0	-22.0695	0	0	1.99789	0
ARGA150	106.846	-318.839	-122.14	-562.054	-24.1177	788.525	-709.769	38.2535	290.837	741.671	0	0	1.12406	15.2927	232.009	-11.8653	0	-22.0695	0	0	1.99789	0
ASNA152	106.815	-318.839	-122.137	-562.04	-24.1178	788.486	-709.77	38.2534	290.836	741.667	0	0	1.12406	15.2887	232.008	-11.8653	0	-22.0695	0	0	1.99789	0
THRA155	106.815	-318.839	-122.137	-562.04	-24.1178	788.486	-709.77	38.2534	290.836	741.667	0	0	1.12406	15.2887	232.008	-11.8653	0	-22.0695	0	0	1.99789	0
H2SA156	106.608	-318.844	-122.142	-562.003	-24.1178	788.467	-709.728	38.2388	290.828	741.657	0	0	1.12406	15.0593	231.97	-11.8653	0	-22.0695	0	0	2.00229	0
LEUA157	106.58	-318.844	-122.142	-562.017	-24.1178	788.47	-709.76	38.2389	290.835	741.665	0	0	1.12406	15.0596	231.97	-11.8653	0	-22.0695	0	0	2.00229	0
LYSA158	106.548	-318.844	-122.142	-561.996	-24.118	788.411	-709.729	38.2374	290.818	741.664	0	0	1.12406	15.0552	231.966	-11.8648	0	-22.0695	0	0	2.00229	0
PHEA159	106.5	-318.844	-122.142	-562.029	-24.118	788.429	-709.774	38.2365	290.832	741.66	0	0	1.12406	15.056	231.962	-11.8648	0	-22.0695	0	0	2.00282	0
LYSA160	106.469	-318.844	-122.142	-562.031	-24.1176	788.407	-709.795	38.2367	290.837	741.668	0	0	1.12406	15.056	231.962	-11.8647	0	-22.0695	0	0	2.00282	0
TYRA161	106.366	-318.846	-122.14	-562.051	-24.1173	788.39	-709.849	38.2297	290.834	741.669	0	0	1.12406	15.056	231.953	-11.8647	0	-22.0695	0	0	2.00282	0
PROA162	106.346	-318.846	-122.14	-562.062	-24.1173	788.392	-709.871	38.2297	290.837	741.675	0	0	1.12406	15.056	231.953	-11.8647	0	-22.0695	0	0	2.00282	0
ASNA165	106.328	-318.836	-122.14	-562.056	-24.1173	788.379	-709.868	38.2297	290.834	741.654	0	0	1.12406	15.056	231.953	-11.8647	0	-22.0695	0	0	2.00282	0
THRA167	106.302	-318.835	-122.14	-562.055	-24.1173	788.379	-709.866	38.2109	290.834	741.654	0	0	1.12406	15.0452	231.953	-11.8647	0	-22.0695	0	0	2.00282	0
PROA169	106.297	-318.836	-122.14	-562.057	-24.1173	788.38	-709.869	38.211	290.834	741.654	0	0	1.12406	15.0452	231.953	-11.8647	0	-22.0695	0	0	2.00282	0
ASNA171	106.294	-318.835	-122.14	-562.055	-24.1173	788.374	-709.868	38.211	290.833	741.654	0	0	1.12406	15.0451	231.952	-11.8647	0	-22.0695	0	0	2.00282	0
GLUA172	106.277	-318.835	-122.14	-562.051	-24.1291	788.361	-709.864	38.211	290.835	741.653	0	0	1.12406	15.0452	231.952	-11.8647	0	-22.0695	0	0	2.00282	0
LYSA173	106.275	-318.835	-122.14	-562.051	-24.1286	788.358	-709.863	38.211	290.834	741.652	0	0	1.12406	15.0452	231.95	-11.8647	0	-22.0695	0	0	2.00282	0
PHEA174	106.245	-318.835	-122.14	-562.073	-24.122	788.364	-709.901	38.2208	290.838	741.643	0	0	1.12406	15.0584	231.945	-11.8647	0	-22.0695	0	0	2.00282	0
ASPA175	106.217	-318.835	-122.127	-562.078	-24.122	788.353	-709.917	38.2208	290.83	741.643	0	0	1.12406	15.0555	231.945	-11.8645	0	-22.0695	0	0	2.00282	0
LYSA176	106.15	-318.902	-122.14	-562.087	-24.1347	788.397	-709.926	38.2206	290.83	741.643	0	0	1.12406	15.0556	231.947	-11.8645	0	-22.0695	0	0	2.00282	0
H2SA183	106.011	-318.902	-122.207	-562.098	-24.1347	788.362	-709.944	38.2213	290.822	741.643	0	0	1.12406	15.0556	231.947	-11.8645	0	-22.0695	0	0	2.0029	0
THRA187	106.007	-318.887	-122.193	-562.097	-24.1347	788.359	-709.943	38.1988	290.822	741.643	0	0	1.12406	15.0462	231.945	-11.8645	0	-22.0695	0	0	2.0029	0
ASPA188	105.998	-318.887	-122.193	-562.095	-24.1346	788.35	-709.941	38.1988	290.82	741.643	0	0	1.12406	15.0462	231.947	-11.8675	0	-22.0695	0	0	2.0029	0
ASNA189	105.988	-318.887	-122.193	-562.097	-24.1346	788.348	-709.947	38.1988	290.823	741.643	0	0	1.12406	15.0436	231.944	-11.8675	0	-22.0695	0	0	2.0029	0
ASPA190	105.982	-318.888	-122.193	-562.106	-24.1347	788.351	-709.97	38.1986	290.838	741.643	0	0	1.12406	15.0472	231.943	-11.8622	0	-22.0695	0	0	2.0029	0
ILEA192	105.902	-318.888	-122.193	-562.129	-24.1347	788.35	-710.021	38.1981	290.848	741.647	0	0	1.12406	15.0296	231.942	-11.8622	0	-22.0695	0	0	2.0029	0
PHEA193	105.872	-318.888	-122.193	-562.151	-24.1352	788.362	-710.059	38.1981	290.866	741.647	0	0	1.12406	15.0297	231.957	-11.8624	0	-22.0695	0	0	2.00295	0
TYRA195	103.376	-318.881	-123.071	-562.143	-24.1348	788.074	-710.042	36.8502	290.863	741.648	0	0	1.12406	15.0182	231.963	-11.8624	0	-22.0695	0	0	2.00274	0
GLNA197	103.278	-318.879	-123.069	-562.118	-24.1348	787.977	-710.034	36.85	290.841	741.632	0	0	1.12406	15.0172	231.962	-11.8624	0	-22.0695	0	0	2.00274	0
SERA199	103.267	-318.879	-123.069	-562.118	-24.1348	787.978	-710.034	36.85	290.841	741.632	0	0	1.12406	15.0062	231.962	-11.8624	0	-22.0695	0	0	2.00274	0
ARGA201	103.244	-318.879	-123.069	-562.11	-24.1348	787.953	-710.031	36.8536	290.843	741.618	0	0	1.12406	15.0062	231.955	-11.8624	0	-22.0695	0	0	2.00274	0
THRA203	103.168	-318.88	-123.122	-562.116	-24.1348	787.952	-710.046	36.8541	290.843	741.617	0	0	1.12406	15.0062	231.955	-11.8624	0	-22.0695	0	0	2.00274	0
SERA205	103.168	-318.88	-123.122	-562.116	-24.1348	787.952	-710.046	36.8541	290.843	741.617	0	0	1.12406	15.0062	231.955	-11.8624	0	-22.0695	0	0	2.00274	0
THRA206	103.125	-318.885	-123.133	-562.125	-24.1347	787.952	-710.064	36.8557	290.844	741.614	0	0	1.12406	15.0063	231.956	-11.8624	0	-22.0695	0	0	2.00274	0
LYSA207	103.115	-318.888	-123.133	-562.137	-24.1356	787.963	-710.079	36.8595	290.849	741.614	0	0	1.12406	15.0066	231.958	-11.8624	0	-22.0695	0	0	2.00274	0
ARGA208	103.024	-318.888	-123.133	-562.097	-24.1248	787.853	-710.06	36.8224	290.828	741.613	0	0	1.12406	15.0156	231.955	-11.8624	0	-22.0695	0	0	2.00274	0
SERA209	103.024	-318.888	-123.133	-562.097	-24.1248	787.853	-710.06	36.8224	290.828	741.613	0	0	1.12406	15.0156	231.955	-11.8624	0	-22.0695	0	0	2.00274	0
GLNA210	102.946	-318.888	-123.133	-562.126	-24.1248	787.855	-710.121	36.8224	290.839	741.614	0	0	1.12406	15.0137	231.955	-11.8624	0	-22.0695	0	0	2.00274	0
GLNA211	102.798	-318.767	-123.385	-562.119	-24.1248	787.968	-710.113	36.9462	290.835	741.348	0	0	1.12406	15.0137	231.955	-11.8624	0	-22.0695	0	0	2.00274	0
THRA212	102.781	-318.767	-123.405	-562.118	-24.1248	787.969	-710.111	36.9449	290.835	741.348	0	0	1.12406	15.0156	231.955	-11.8624	0	-22.0695	0	0	2.00274	0
VALA213	102.648	-318.767	-123.405	-562.153	-24.1248	787.97	-710.189	36.9449	290.835	741.349	0	0	1.12406	14.9944	231.955	-11.8624	0	-22.0695	0	0	2.00271	0
ILEA214	102.606	-318.767	-123.405	-562.131	-24.1248	787.937	-710.164	36.8819	290.825	741.338	0	0	1.12406	15.0226	231.947	-11.8624	0	-22.0695	0	0	2.00271	0
ASNA216	102.603	-318.767	-123.405	-562.129	-24.1248	787.931	-710.162	36.8819	290.824	741.337	0	0	1.12406	15.0226	231.947	-11.8624	0	-22.0695	0	0	2.00261	0
SERA219	102.603	-318.767	-123.405	-562.129	-24.1248	787.931	-710.162	36.8819	290.824	741.337	0	0	1.12406	15.0226	231.947	-11.8624	0	-22.0695	0	0	2.00261	0
ARGA220	101.661	-319.325	-124.031	-562.038	-24.1383	787.722	-710.13	36.8558	290.825	741.706	0	0	1.12406	15.0213	231.945	-11.8634	0	-22.0695	0	0	2.00194	0
PROA221	101.658	-319.325	-124.031	-562.04	-24.1383	787.724	-710.134	36.8558	290.825	741.706	0	0	1.12406	15.0213	231.945	-11.8634	0	-22.0695	0	0	2.00194	0
ARGA222	101.574	-319.325	-124.059	-562.007	-24.1532	787.633	-710.105	36.8558	290.821	741.699	0	0	1.12406	15.0211	231.945	-11.8641	0	-22.0695	0	0	2.00194	0
VALA223	101.565	-319.325	-124.059	-562.011	-24.1531	787.633	-710.114	36.8557	290.825	741.699	0	0	1.12406	15.0211	231.945	-11.8641	0	-22.0695	0	0	2.00194	0
ARGA224	101.003	-319.609	-124.336	-562.081	-24.1169	787.715	-710.186	36.8575	290.826	741.719	0	0	1.12406	15.021	231.941	-11.8644	0	-22.0695	0	0	2.00194	0
ASNA225	100.982	-319.609	-124.368	-562.077	-24.1169	787.707	-710.185	36.8575	290.841	741.719	0	0	1.12406	15.021	231.941	-11.8644	0	-22.0695	0	0	2.00194	0
SERA228	100.961	-319.617	-124.376	-562.077	-24.1169	787.703	-710.186	36.8575	290.842	741.719	0	0	1.12406	15.021	231.94	-11.8644	0	-22.0695	0	0	2.0019	0
ARGA229	99.8663	-320.174	-124.93	-562.092	-24.1211	787.731	-710.197	36.8577	290.847	741.733	0	0	1.12406	15.0209	231.939	-11.8646	0	-22.0695	0	0	2.0019	0
SERA231	99.8035	-320.174	-124.992	-562.092	-24.121	787.73	-710.197	36.8577	290.847	741.733	0	0	1.12406	15.0209	231.939	-11.8646	0	-22.0695	0	0	2.00199	0
TYRA233	99.6635	-320.174	-124.992	-562.156	-24.1211	787.747	-710.298	36.8579	290.846	741.732	0	0	1.12406	15.0291	231.939	-11.8646	0	-22.0695	0	0	2.00232	0
TRPA234	99.5102	-320.188	-124.992	-562.249	-24.1211	787.811	-710.437	36.9008	290.843	741.721	0	0	1.12406	15.029	232	-11.8646	0	-22.0695	0	0	2.00232	0
ILEA236	99.4747	-320.189	-124.992	-562.269	-24.1212	787.811	-710.471	36.9008	290.867	741.713	0	0	1.12406	15.032	232	-11.8646	0	-22.0695	0	0	2.00232	0
LYSA238	99.3744	-320.188	-125.21	-562.299	-24.1228	787.873	-710.509	36.9007	290.992	741.713	0	0	1.12406	15.0333	232	-11.8646	0	-22.0695	0	0	2.00232	0
ASPA241	97.2829	-320.808	-125.794	-562.314	-24.1416	787.617	-710.531	35.7741	291.006	742.249	0	0	1.12406	15.0333	232	-11.8646	0	-22.0695	0	0	2.00232	0
ILEA242	97.2444	-320.809	-125.794	-562.334	-24.1416	787.618	-710.571	35.7741	291.026	742.249	0	0	1.12406	15.0333	232	-11.8646	0	-22.0695	0	0	2.00232	0
LEUA244	97.0856	-320.81	-125.794	-562.392	-24.1416	787.623	-710.701	35.7739	291.052	742.25	0	0	1.12406	15.0333	232.001	-11.8646	0	-22.0695	0	0	2.00232	0
ASNA246	97.0569	-320.835	-125.819	-562.392	-24.1416	787.622	-710.701	35.7739	291.052	742.262	0	0	1.12406	15.0429	232.001	-11.8646	0	-22.0695	0	0	2.00232	0
SERA247	96.8419	-320.87	-125.859	-562.392	-24.1416	787.622	-710.701	35.633	291.052	742.262	0	0	1.12406	15.0443	232.001	-11.8646	0	-22.0695	0	0	2.00232	0
THRA248	96.8372	-320.87	-125.858	-562.393	-24.1416	787.62	-710.704	35.6327	291.052	742.262	0	0	1.12406	15.0443	232	-11.8646	0	-22.0695	0	0	2.00232	0
ASNA250	96.7193	-320.902	-125.938	-562.393	-24.1416	787.613	-710.7	35.6317	291.052	742.261	0	0	1.12406	15.0443	231.998	-11.8646	0	-22.0695	0	0	2.00232	0
ARGA255	95.3215	-321.152	-127.064	-562.436	-24.1336	787.673	-710.731	35.6193	291.049	742.261	0	0	1.12406	15.0444	232.018	-11.8664	0	-22.0695	0	0	2.00232	0
LYSA259	95.1505	-321.154	-127.064	-562.435	-24.1107	787.524	-710.768	35.6194	291.042	742.261	0	0	1.12406	15.0444	232.019	-11.8661	0	-22.0695	0	0	2.00232	0
ARGA261	95.0829	-321.154	-127.4	-562.529	-24.1649	787.764	-710.839	35.6422	291.268	742.262	0	0	1.12406	15.0444	232.027	-11.8676	0	-22.0695	0	0	2.00232	0
SERA262	95.0123	-321.154	-127.4	-562.529	-24.1649	787.764	-710.839	35.6422	291.268	742.262	0	0	1.12406	14.9748	232.027	-11.8676	0	-22.0695	0	0	2.00232	0
LYSA264	94.968	-321.154	-127.4	-562.538	-24.148	787.737	-710.859	35.6422	291.273	742.249	0	0	1.12406	14.9737	232.027	-11.8661	0	-22.0695	0	0	2.00232	0
SERA265	94.9601	-321.154	-127.4	-562.537	-24.148	787.733	-710.859	35.639	291.272	742.25	0	0	1.12406	14.9737	232.027	-11.8661	0	-22.0695	0	0	2.00232	0
SERA266	94.92	-321.153	-127.215	-562.541	-24.1481	787.744	-710.86	35.4072	291.272	742.25	0	0	1.12406	14.9737	232.027	-11.8661	0	-22.0695	0	0	2.00265	0
ARGA269	94.8429	-321.154	-127.646	-562.549	-24.1984	787.737	-710.86	35.4059	291.682	742.261	0	0	1.12406	14.9737	232.027	-11.8684	0	-22.0695	0	0	2.00265	0
SERA270	94.8429	-321.154	-127.646	-562.549	-24.1984	787.737	-710.86	35.4059	291.682	742.261	0	0	1.12406	14.9737	232.027	-11.8684	0	-22.0695	0	0	2.00265	0
ASPA271	94.7735	-321.191	-127.684	-562.572	-24.2106	787.81	-710.886	35.4059	291.689	742.261	0	0	1.12406	14.963	232.027	-11.8683	0	-22.0695	0	0	2.00265	0
PROA273	94.7686	-321.191	-127.684	-562.576	-24.2106	787.812	-710.892	35.4059	291.691	742.261	0	0	1.12406	14.963	232.028	-11.8683	0	-22.0695	0	0	2.00265	0
ILEA274	94.6001	-321.191	-127.681	-562.573	-24.2046	787.798	-710.895	35.2401	291.69	742.263	0	0	1.12406	14.9669	232.028	-11.8683	0	-22.0695	0	0	2.00265	0
LYSA276	94.5915	-321.191	-127.681	-562.575	-24.2347	787.811	-710.897	35.2401	291.702	742.262	0	0	1.12406	14.967	232.028	-11.8683	0	-22.0695	0	0	2.00265	0
ASNA278	94.5603	-321.191	-127.681	-562.564	-24.2347	787.772	-710.895	35.2396	291.697	742.262	0	0	1.12406	14.967	232.027	-11.8683	0	-22.0695	0	0	2.00265	0
SERA279	94.5497	-321.19	-127.681	-562.563	-24.2347	787.763	-710.895	35.2379	291.695	742.262	0	0	1.12406	14.967	232.027	-11.8683	0	-22.0695	0	0	2.00265	0
GLUA280	94.4755	-321.19	-127.681	-562.559	-24.2474	787.701	-710.902	35.2387	291.695	742.262	0	0	1.12406	14.9693	232.027	-11.8683	0	-22.0695	0	0	2.00286	0
THRA283	94.428	-321.178	-127.668	-562.559	-24.2474	787.705	-710.902	35.2388	291.695	742.262	0	0	1.12406	14.8921	232.026	-11.8683	0	-22.0695	0	0	2.00286	0
ASNA285	94.3433	-321.178	-127.746	-562.575	-24.2474	787.719	-710.926	35.2391	291.713	742.263	0	0	1.12406	14.8921	232.028	-11.8683	0	-22.0695	0	0	2.00286	0
SERA287	94.3324	-321.183	-127.75	-562.575	-24.2474	787.718	-710.926	35.239	291.713	742.263	0	0	1.12406	14.8921	232.028	-11.8683	0	-22.0695	0	0	2.00286	0
PROA289	94.325	-321.183	-127.75	-562.58	-24.2477	787.721	-710.934	35.239	291.716	742.264	0	0	1.12406	14.8921	232.028	-11.8683	0	-22.0695	0	0	2.00286	0
ASNA290	94.2577	-321.203	-127.768	-562.568	-24.2477	787.68	-710.934	35.239	291.716	742.258	0	0	1.12406	14.8964	232.027	-11.8683	0	-22.0695	0	0	2.00286	0
ASPA291	94.2177	-321.203	-127.74	-562.571	-24.2567	787.653	-710.959	35.239	291.716	742.253	0	0	1.12406	14.8964	232.027	-11.868	0	-22.0695	0	0	2.00286	0
LYSA292	94.1322	-321.203	-127.843	-562.581	-24.2913	787.718	-710.965	35.239	291.717	742.257	0	0	1.12406	14.8964	232.029	-11.8684	0	-22.0695	0	0	2.00286	0
GLNA295	92.6487	-321.512	-128.2	-562.593	-24.2913	787.282	-710.977	34.8801	291.717	742.258	0	0	1.12406	14.897	232.018	-11.8684	0	-22.0695	0	0	2.00286	0
ASNA296	89.9286	-322.087	-128.721	-562.586	-24.2913	786.973	-710.977	33.7771	291.765	741.99	0	0	1.12406	14.897	232.018	-11.8684	0	-22.0695	0	0	2.00286	0
ASNA298	89.8096	-322.111	-128.818	-562.567	-24.2913	786.942	-710.96	33.7771	291.762	741.99	0	0	1.12406	14.8968	232.016	-11.8684	0	-22.0695	0	0	2.00286	0
ARGA299	89.7317	-322.111	-128.818	-562.558	-24.2835	786.858	-710.96	33.7772	291.748	741.992	0	0	1.12406	14.8968	232.015	-11.8682	0	-22.0695	0	0	2.00286	0
THRA301	89.6823	-322.11	-128.818	-562.553	-24.2837	786.841	-710.957	33.7695	291.748	741.992	0	0	1.12406	14.8643	232.015	-11.8682	0	-22.0695	0	0	2.00286	0
ARGA307	88.9615	-322.11	-128.818	-562.575	-24.2877	786.855	-710.985	33.0948	291.742	741.992	0	0	1.12406	14.8643	232.015	-11.8678	0	-22.0695	0	0	2.00286	0
LYSA310	88.904	-322.11	-128.884	-562.581	-24.2847	786.863	-710.994	33.0867	291.777	741.992	0	0	1.12406	14.8494	232.015	-11.8678	0	-22.0695	0	0	2.00286	0
GLNA311	87.9875	-322.472	-129.251	-562.615	-24.2847	786.675	-711.063	33.0867	291.776	742.159	0	0	1.12406	14.7881	232.013	-11.8678	0	-22.0695	0	0	2.00286	0
ASNA312	87.9875	-322.472	-129.251	-562.615	-24.2847	786.675	-711.063	33.0867	291.776	742.159	0	0	1.12406	14.7881	232.013	-11.8678	0	-22.0695	0	0	2.00286	0
THRA313	87.9852	-322.472	-129.25	-562.615	-24.2845	786.672	-711.063	33.085	291.776	742.159	0	0	1.12406	14.7881	232.014	-11.8678	0	-22.0695	0	0	2.00286	0
LYSA315	87.8682	-322.466	-129.25	-562.572	-24.2781	786.496	-711.022	33.0864	291.741	742.156	0	0	1.12406	14.7873	232.014	-11.8678	0	-22.0695	0	0	2.00286	0
THRA318	87.8177	-322.465	-129.25	-562.595	-24.2781	786.506	-711.074	33.0862	291.754	742.156	0	0	1.12406	14.7873	232.014	-11.8678	0	-22.0695	0	0	2.00286	0
ARGA321	87.7051	-322.466	-129.38	-562.582	-24.2967	786.511	-711.055	33.1013	291.751	742.149	0	0	1.12406	14.7832	232.014	-11.8678	0	-22.0695	0	0	2.00285	0
VALA323	87.7017	-322.467	-129.38	-562.583	-24.2968	786.513	-711.057	33.1019	291.752	742.15	0	0	1.12406	14.7801	232.015	-11.8678	0	-22.0695	0	0	2.00267	0
PROA324	87.6993	-322.467	-129.38	-562.584	-24.2968	786.512	-711.059	33.1019	291.753	742.15	0	0	1.12406	14.7801	232.015	-11.8678	0	-22.0695	0	0	2.00267	0
GLUA325	86.9079	-322.511	-129.769	-562.602	-24.3037	786.358	-711.085	32.9473	291.753	742.149	0	0	1.12406	14.7816	232.017	-11.8678	0	-22.0695	0	0	2.00267	0
LYSA326	86.8535	-322.511	-129.769	-562.566	-24.2848	786.27	-711.047	32.9425	291.714	742.134	0	0	1.12406	14.7814	232.013	-11.8678	0	-22.0695	0	0	2.00267	0
GLNA327	86.8534	-322.511	-129.769	-562.566	-24.2848	786.27	-711.047	32.9425	291.714	742.134	0	0	1.12406	14.7814	232.013	-11.8678	0	-22.0695	0	0	2.00267	0
ILEA339	86.8221	-322.512	-129.769	-562.579	-24.2848	786.272	-711.07	32.9424	291.72	742.134	0	0	1.12406	14.7801	232.019	-11.8678	0	-22.0695	0	0	2.00267	0
GLUA340	86.8148	-322.512	-129.769	-562.571	-24.2832	786.257	-711.061	32.9421	291.712	742.131	0	0	1.12406	14.7801	232.019	-11.8678	0	-22.0695	0	0	2.00267	0
ASNA341	86.7629	-322.549	-129.804	-562.579	-24.2832	786.283	-711.056	32.9416	291.71	742.13	0	0	1.12406	14.7801	232.019	-11.8678	0	-22.0695	0	0	2.00267	0
GLUA344	86.7118	-322.549	-129.804	-562.572	-24.2919	786.234	-711.055	32.9416	291.712	742.128	0	0	1.12406	14.78	232.018	-11.8678	0	-22.0695	0	0	2.00267	0
META346	86.5161	-322.548	-129.804	-562.561	-24.2919	786.253	-711.042	32.7054	291.714	742.121	0	0	1.12406	14.7806	232.01	-11.8678	0	-22.0695	0	0	2.00267	0
VALA347	86.5155	-322.548	-129.804	-562.562	-24.2919	786.254	-711.044	32.7054	291.714	742.121	0	0	1.12406	14.7806	232.01	-11.8678	0	-22.0695	0	0	2.00267	0
ASPA348	86.4467	-322.548	-129.804	-562.558	-24.2915	786.245	-711.039	32.6393	291.712	742.121	0	0	1.12406	14.781	232.01	-11.8678	0	-22.0695	0	0	2.00267	0
ARGA354	84.3772	-322.548	-131.333	-562.587	-24.3644	786.159	-710.991	31.7438	292.217	742.109	0	0	1.12406	14.7812	232.037	-11.8678	0	-22.0695	0	0	2.00267	0
H1SA355	84.2786	-322.549	-131.333	-562.579	-24.3632	786.086	-711.021	31.7442	292.216	742.113	0	0	1.12406	14.7813	232.037	-11.8678	0	-22.0695	0	0	1.99674	0
GLNA356	84.2453	-322.549	-131.333	-562.583	-24.3632	786.078	-711.036	31.7442	292.214	742.112	0	0	1.12406	14.7767	232.037	-11.8678	0	-22.0695	0	0	1.99674	0
ASNA357	83.9573	-322.564	-131.309	-562.581	-24.3634	786.077	-711.033	31.5231	292.213	742.111	0	0	1.12406	14.7008	232.035	-11.8678	0	-22.0695	0	0	1.99681	0
SERA358	83.9305	-322.564	-131.303	-562.581	-24.3633	786.078	-711.034	31.5232	292.21	742.111	0	0	1.12406	14.6698	232.035	-11.8678	0	-22.0695	0	0	1.99681	0
GLUA359	83.5907	-322.557	-131.303	-562.545	-24.3864	785.959	-711.007	31.2503	292.211	742.107	0	0	1.12406	14.6695	232.029	-11.8598	0	-22.0695	0	0	1.99681	0
ILEA361	83.5517	-322.558	-131.303	-562.544	-24.3864	785.961	-711.004	31.2503	292.207	742.109	0	0	1.12406	14.6284	232.029	-11.8598	0	-22.0695	0	0	1.99681	0
GLNA363	81.2682	-322.564	-132.374	-562.561	-24.3862	785.689	-711.024	30.3409	292.211	742.116	0	0	1.12406	14.6285	232.03	-11.8598	0	-22.0695	0	0	1.99681	0
ASPA366	81.2048	-322.585	-132.399	-562.551	-24.3745	785.652	-711.012	30.3408	292.203	742.116	0	0	1.12406	14.6285	232.03	-11.8676	0	-22.0695	0	0	1.99681	0
LEUA367	81.1742	-322.586	-132.415	-562.565	-24.3745	785.667	-711.035	30.3408	292.214	742.116	0	0	1.12406	14.6287	232.027	-11.8676	0	-22.0695	0	0	1.99681	0
LYSA368	81.1179	-322.586	-132.415	-562.552	-24.4042	785.607	-711.03	30.3406	292.231	742.116	0	0	1.12406	14.6287	232.026	-11.871	0	-22.0695	0	0	1.99681	0
SERA369	81.1034	-322.587	-132.434	-562.553	-24.4047	785.611	-711.032	30.3399	292.232	742.116	0	0	1.12406	14.6354	232.027	-11.871	0	-22.0695	0	0	1.99681	0
GLNA371	81.0614	-322.587	-132.494	-562.549	-24.4047	785.594	-711.027	30.3399	292.258	742.116	0	0	1.12406	14.6354	232.027	-11.871	0	-22.0695	0	0	1.99681	0
ILEA374	80.9546	-322.587	-132.494	-562.548	-24.4047	785.573	-711.043	30.3399	292.25	742.116	0	0	1.12406	14.5707	232.028	-11.871	0	-22.0695	0	0	1.99681	0
ASNA375	80.9387	-322.588	-132.492	-562.574	-24.4047	785.61	-711.066	30.3399	292.251	742.116	0	0	1.12406	14.5673	232.03	-11.871	0	-22.0695	0	0	1.99681	0
GLNA376	80.9042	-322.589	-132.492	-562.569	-24.4046	785.589	-711.069	30.328	292.246	742.116	0	0	1.12406	14.5673	232.032	-11.871	0	-22.0695	0	0	1.99681	0
ASNA378	80.8843	-322.586	-132.492	-562.552	-24.4046	785.555	-711.058	30.328	292.235	742.116	0	0	1.12406	14.5626	232.03	-11.871	0	-22.0695	0	0	1.99681	0
LYSA380	80.8022	-322.627	-132.532	-562.553	-24.407	785.56	-711.059	30.3246	292.236	742.116	0	0	1.12406	14.5626	232.03	-11.871	0	-22.0695	0	0	1.99681	0
ASNA382	80.7994	-322.627	-132.532	-562.551	-24.407	785.555	-711.057	30.3246	292.235	742.116	0	0	1.12406	14.5626	232.029	-11.871	0	-22.0695	0	0	1.99681	0
ARGA383	80.7905	-322.628	-132.532	-562.554	-24.4001	785.554	-711.062	30.3246	292.227	742.116	0	0	1.12406	14.5626	232.032	-11.8709	0	-22.0695	0	0	1.99681	0
ILEA385	80.7633	-322.629	-132.532	-562.563	-24.4001	785.551	-711.083	30.3246	292.237	742.114	0	0	1.12406	14.5626	232.037	-11.8709	0	-22.0695	0	0	1.99681	0
LYSA387	80.7348	-322.649	-132.552	-562.565	-24.3999	785.55	-711.084	30.3185	292.258	742.122	0	0	1.12406	14.5583	232.037	-11.8729	0	-22.0695	0	0	1.99681	0
THRA388	80.7348	-322.649	-132.552	-562.565	-24.3999	785.55	-711.084	30.3185	292.258	742.122	0	0	1.12406	14.5583	232.037	-11.8729	0	-22.0695	0	0	1.99681	0
ASNA389	80.6847	-322.649	-132.552	-562.561	-24.3999	785.535	-711.082	30.3185	292.254	742.121	0	0	1.12406	14.5215	232.037	-11.8729	0	-22.0695	0	0	1.99681	0
GLUA390	80.6471	-322.649	-132.552	-562.545	-24.3735	785.461	-711.071	30.3185	292.237	742.121	0	0	1.12406	14.5215	232.037	-11.8732	0	-22.0695	0	0	1.99636	0
LYSA391	80.5175	-322.649	-132.552	-562.515	-24.3849	785.33	-711.049	30.3185	292.201	742.119	0	0	1.12406	14.5195	232.037	-11.8732	0	-22.0695	0	0	1.99636	0
PHEA392	80.4363	-322.649	-132.552	-562.577	-24.3935	785.382	-711.143	30.341	292.208	742.121	0	0	1.12406	14.5195	232.037	-11.8732	0	-22.0695	0	0	1.99732	0
HISA393	80.0873	-322.649	-132.828	-562.581	-24.4033	785.358	-711.146	30.331	292.214	742.122	0	0	1.12406	14.5195	232.037	-11.8692	0	-22.0695	0	0	1.96512	0
GLNA394	79.967	-322.72	-132.874	-562.586	-24.4027	785.362	-711.15	30.3311	292.214	742.123	0	0	1.12406	14.5195	232.037	-11.8692	0	-22.0695	0	0	1.96512	0
ILEA395	79.955	-322.72	-132.874	-562.593	-24.4029	785.364	-711.165	30.3311	292.216	742.13	0	0	1.12406	14.5195	232.037	-11.8692	0	-22.0695	0	0	1.96512	0
GLUA396	79.866	-322.72	-132.92	-562.578	-24.3894	785.312	-711.151	30.3103	292.204	742.129	0	0	1.12406	14.5195	232.036	-11.8699	0	-22.0695	0	0	1.96543	0
LYSA397	79.5257	-322.716	-132.979	-562.579	-24.3859	785.102	-711.151	30.2305	292.204	742.131	0	0	1.12406	14.5195	232.038	-11.8699	0	-22.0695	0	0	1.96543	0
GLUA398	79.4926	-322.716	-132.979	-562.58	-24.3768	785.07	-711.156	30.2305	292.198	742.13	0	0	1.12406	14.5215	232.037	-11.8699	0	-22.0695	0	0	1.96543	0
PHEA399	79.3851	-322.716	-132.979	-562.588	-24.3695	785.068	-711.174	30.2154	292.199	742.138	0	0	1.12406	14.4423	232.038	-11.8699	0	-22.0695	0	0	1.96543	0
SERA400	79.3833	-322.716	-132.978	-562.587	-24.3695	785.064	-711.174	30.2153	292.198	742.138	0	0	1.12406	14.4423	232.038	-11.8699	0	-22.0695	0	0	1.96543	0
GLUA401	79.2418	-322.716	-132.849	-562.57	-24.3828	785.018	-711.156	30.0381	292.138	742.131	0	0	1.12406	14.4408	232.038	-11.8696	0	-22.0695	0	0	1.96543	0
VALA402	79.2072	-322.716	-132.849	-562.561	-24.3828	784.991	-711.156	30.0381	292.137	742.131	0	0	1.12406	14.4252	232.038	-11.8696	0	-22.0695	0	0	1.96543	0
GLUA403	78.5032	-322.716	-132.849	-562.537	-24.3887	784.91	-711.132	29.3934	292.117	742.131	0	0	1.12406	14.4252	232.038	-11.8697	0	-22.0695	0	0	1.96543	0
ARGA405	78.4996	-322.716	-132.849	-562.538	-24.3983	784.912	-711.134	29.3934	292.121	742.131	0	0	1.12406	14.4252	232.041	-11.8667	0	-22.0695	0	0	1.96543	0
ILEA406	78.4461	-322.717	-132.849	-562.562	-24.3982	784.915	-711.188	29.3934	292.145	742.13	0	0	1.12406	14.4244	232.043	-11.8667	0	-22.0695	0	0	1.96543	0
GLNA407	78.3072	-322.703	-132.931	-562.578	-24.3998	784.968	-711.187	29.2361	292.197	742.128	0	0	1.12406	14.4243	232.046	-11.8667	0	-22.0695	0	0	1.96543	0
ASPA408	78.2723	-322.702	-132.931	-562.565	-24.4067	784.904	-711.177	29.2361	292.192	742.128	0	0	1.12406	14.423	232.043	-11.8501	0	-22.0695	0	0	1.96543	0
LEUA409	78.2597	-322.703	-132.931	-562.571	-24.4067	784.906	-711.19	29.2361	292.198	742.128	0	0	1.12406	14.4233	232.045	-11.8501	0	-22.0695	0	0	1.96543	0
GLUA410	78.2287	-322.701	-132.931	-562.562	-24.4023	784.857	-711.189	29.2361	292.189	742.133	0	0	1.12406	14.4233	232.043	-11.8445	0	-22.0695	0	0	1.96543	0
LYSA411	77.9995	-322.72	-133.373	-562.628	-24.4042	784.958	-711.264	29.2364	292.451	742.139	0	0	1.12406	14.4235	232.092	-11.8389	0	-22.0695	0	0	1.96543	0
TYRA412	77.9743	-322.721	-133.373	-562.647	-24.4039	784.968	-711.296	29.2383	292.465	742.139	0	0	1.12406	14.4237	232.095	-11.8389	0	-22.0695	0	0	1.96543	0
VALA413	77.9003	-322.746	-133.373	-562.669	-24.4031	785.007	-711.318	29.2384	292.474	742.139	0	0	1.12406	14.3691	232.164	-11.8389	0	-22.0695	0	0	1.96543	0
GLUA414	77.7712	-322.747	-133.631	-562.673	-24.4135	785.147	-711.32	29.2384	292.479	742.139	0	0	1.12406	14.3704	232.166	-11.8389	0	-22.0695	0	0	1.96543	0
ASPA415	77.7446	-322.747	-133.631	-562.671	-24.4305	785.13	-711.318	29.2379	292.483	742.139	0	0	1.12406	14.3704	232.165	-11.8389	0	-22.0695	0	0	1.96543	0
THRA416	77.7294	-322.746	-133.631	-562.669	-24.4305	785.119	-711.318	29.2362	292.481	742.139	0	0	1.12406	14.3672	232.163	-11.8389	0	-22.0695	0	0	1.96543	0
LYSA417	77.6875	-322.747	-133.631	-562.695	-24.4755	785.172	-711.355	29.2362	292.495	742.139	0	0	1.12406	14.3672	232.163	-11.8389	0	-22.0695	0	0	1.96543	0
ASPA419	77.6495	-322.747	-133.722	-562.698	-24.4662	785.177	-711.357	29.2354	292.54	742.139	0	0	1.12406	14.3661	232.165	-11.8389	0	-22.0695	0	0	1.96543	0
LEUA420	77.5669	-322.747	-133.722	-562.712	-24.4662	785.152	-711.408	29.2354	292.548	742.139	0	0	1.12406	14.3661	232.168	-11.8389	0	-22.0695	0	0	1.96543	0
TRPA421	77.3641	-322.746	-133.722	-562.775	-24.466	785.144	-711.532	29.2187	292.557	742.139	0	0	1.12406	14.367	232.167	-11.8389	0	-22.0695	0	0	1.96543	0
SERA422	77.3641	-322.746	-133.722	-562.775	-24.466	785.144	-711.532	29.2187	292.557	742.139	0	0	1.12406	14.367	232.167	-11.8389	0	-22.0695	0	0	1.96543	0
TYRA423	77.2868	-322.751	-133.722	-562.816	-24.466	785.161	-711.602	29.2187	292.592	742.139	0	0	1.12406	14.3508	232.174	-11.8389	0	-22.0695	0	0	1.96543	0
ASNA424	77.2853	-322.748	-133.722	-562.806	-24.466	785.143	-711.593	29.2187	292.586	742.139	0	0	1.12406	14.3515	232.167	-11.8389	0	-22.0695	0	0	1.96543	0
GLUA426	77.1727	-322.749	-133.797	-562.801	-24.4709	785.124	-711.59	29.2187	292.567	742.139	0	0	1.12406	14.3515	232.165	-11.8389	0	-22.0695	0	0	1.96543	0
LEUA427	77.1187	-322.748	-133.797	-562.826	-24.4709	785.123	-711.642	29.2187	292.59	742.139	0	0	1.12406	14.3515	232.165	-11.8389	0	-22.0695	0	0	1.96543	0
LEUA428	77.0164	-322.75	-133.797	-562.865	-24.4714	785.126	-711.729	29.2187	292.613	742.139	0	0	1.12406	14.3515	232.168	-11.8389	0	-22.0695	0	0	1.96543	0
LEUA431	76.9753	-322.75	-133.797	-562.882	-24.4714	785.125	-711.769	29.2187	292.629	742.139	0	0	1.12406	14.3516	232.168	-11.8389	0	-22.0695	0	0	1.96543	0
GLUA432	76.9597	-322.75	-133.797	-562.881	-24.4711	785.11	-711.766	29.2171	292.627	742.139	0	0	1.12406	14.3514	232.168	-11.8394	0	-22.0695	0	0	1.96543	0
GLNA434	76.2978	-322.963	-134.105	-562.843	-24.4706	785.311	-711.725	29.1721	292.608	741.783	0	0	1.12406	14.3506	232.158	-11.8394	0	-22.0695	0	0	1.96543	0
H2SA435	76.226	-322.963	-134.105	-562.888	-24.4744	785.349	-711.788	29.1721	292.61	741.783	0	0	1.12406	14.3507	232.158	-11.8394	0	-22.0695	0	0	1.96543	0
ASPA438	76.1448	-322.965	-134.209	-562.907	-24.4738	785.406	-711.806	29.1727	292.609	741.783	0	0	1.12406	14.3533	232.158	-11.8394	0	-22.0695	0	0	1.96543	0
THRA440	76.1239	-322.965	-134.209	-562.896	-24.4734	785.365	-711.81	29.167	292.609	741.774	0	0	1.12406	14.3814	232.157	-11.8394	0	-22.0695	0	0	1.96543	0
ASPA441	76.0739	-322.963	-134.272	-562.885	-24.4627	785.345	-711.8	29.1669	292.609	741.773	0	0	1.12406	14.3814	232.155	-11.8394	0	-22.0695	0	0	1.96543	0
SERA442	76.0528	-322.963	-134.272	-562.882	-24.4624	785.338	-711.798	29.1669	292.607	741.773	0	0	1.12406	14.3649	232.155	-11.8394	0	-22.0695	0	0	1.96543	0
GLUA443	75.9612	-322.964	-134.164	-562.907	-24.5062	785.261	-711.85	29.1669	292.597	741.773	0	0	1.12406	14.3653	232.108	-11.8309	0	-22.0695	0	0	1.96543	0
ASNA445	75.9257	-322.964	-134.164	-562.902	-24.5062	785.221	-711.848	29.1669	292.593	741.773	0	0	1.12406	14.3653	232.106	-11.8309	0	-22.0695	0	0	1.96543	0
LYSA446	75.9128	-322.965	-134.154	-562.907	-24.5049	785.218	-711.857	29.1669	292.588	741.773	0	0	1.12406	14.3653	232.108	-11.8307	0	-22.0695	0	0	1.96543	0
GLUA449	75.8649	-322.964	-134.154	-562.891	-24.4965	785.163	-711.847	29.1663	292.563	741.773	0	0	1.12406	14.3653	232.109	-11.8328	0	-22.0695	0	0	1.96543	0
ARGA450	75.7395	-322.965	-134.154	-562.848	-24.3712	785.015	-711.85	29.119	292.473	741.773	0	0	1.12406	14.3652	232.062	-11.8387	0	-22.0695	0	0	1.96543	0
THRA451	75.6421	-322.954	-134.147	-562.849	-24.3712	785.012	-711.854	29.119	292.473	741.773	0	0	1.12406	14.2581	232.06	-11.8387	0	-22.0695	0	0	1.96543	0
LYSA452	75.5927	-322.954	-134.147	-562.861	-24.344	784.968	-711.885	29.1191	292.484	741.773	0	0	1.12406	14.258	232.062	-11.8383	0	-22.0695	0	0	1.96543	0
LYSA453	75.377	-322.954	-134.147	-562.837	-24.3372	784.925	-711.865	28.9171	292.463	741.773	0	0	1.12406	14.258	232.008	-11.8386	0	-22.0695	0	0	1.96543	0
GLNA454	75.3528	-322.969	-134.162	-562.828	-24.3372	784.908	-711.858	28.9167	292.473	741.771	0	0	1.12406	14.2572	232.008	-11.8386	0	-22.0695	0	0	1.96543	0
ARGA456	75.1636	-322.97	-134.162	-562.802	-24.359	784.787	-711.84	28.8566	292.45	741.771	0	0	1.12406	14.2571	232.054	-11.8466	0	-22.0695	0	0	1.96556	0
GLUA457	75.006	-322.97	-134.229	-562.791	-24.3742	784.689	-711.836	28.8542	292.464	741.771	0	0	1.12406	14.257	232.053	-11.8504	0	-22.0695	0	0	1.96556	0
ASNA458	74.9525	-322.97	-134.232	-562.792	-24.3742	784.68	-711.837	28.8512	292.464	741.771	0	0	1.12406	14.2219	232.053	-11.8504	0	-22.0695	0	0	1.96556	0
GLUA460	73.4097	-322.97	-134.761	-562.79	-24.3923	784.363	-711.842	27.904	292.731	741.772	0	0	1.12406	14.2227	232.053	-11.8482	0	-22.0695	0	0	1.96556	0
ASPA461	73.3185	-322.981	-134.772	-562.797	-24.4273	784.394	-711.847	27.904	292.731	741.772	0	0	1.12406	14.1697	232.053	-11.8476	0	-22.0695	0	0	1.96556	0
META462	73.2646	-322.981	-134.772	-562.834	-24.4273	784.4	-711.901	27.904	292.762	741.772	0	0	1.12406	14.17	232.053	-11.8476	0	-22.0695	0	0	1.96556	0
ASNA464	73.1852	-322.982	-134.772	-562.827	-24.4273	784.389	-711.892	27.9048	292.758	741.773	0	0	1.12406	14.0884	232.053	-11.8476	0	-22.0695	0	0	1.96556	0
LYSA468	73.076	-322.982	-134.772	-562.798	-24.4634	784.287	-711.854	27.9048	292.712	741.773	0	0	1.12406	14.0884	232.053	-11.8394	0	-22.0695	0	0	1.96556	0
H2SA471	73.0471	-322.983	-134.759	-562.79	-24.4634	784.263	-711.846	27.8705	292.71	741.773	0	0	1.12406	14.092	232.056	-11.8394	0	-22.0695	0	0	1.96556	0
LYSA472	72.9718	-322.983	-134.945	-562.789	-24.4361	784.256	-711.844	27.8797	292.79	741.775	0	0	1.12406	14.0924	232.057	-11.8451	0	-22.0695	0	0	1.96556	0
ASPA474	72.8453	-323.009	-134.97	-562.779	-24.4499	784.226	-711.834	27.8797	292.79	741.775	0	0	1.12406	14.0357	232.052	-11.8388	0	-22.0695	0	0	1.96556	0
ASNA475	72.8143	-323.009	-135	-562.779	-24.4498	784.227	-711.835	27.8797	292.79	741.774	0	0	1.12406	14.0337	232.052	-11.8388	0	-22.0695	0	0	1.96561	0
SERA480	72.7286	-323.054	-135.041	-562.78	-24.4498	784.228	-711.835	27.8797	292.79	741.776	0	0	1.12406	14.0337	232.051	-11.8388	0	-22.0695	0	0	1.96561	0
ARGA482	72.655	-323.05	-135.041	-562.768	-24.4474	784.169	-711.84	27.8793	292.774	741.784	0	0	1.12406	14.0179	232.043	-11.8431	0	-22.0695	0	0	1.96541	0
ASNA483	72.3539	-323.038	-135.041	-562.75	-24.4474	784.111	-711.83	27.6086	292.762	741.784	0	0	1.12406	14.0178	232.016	-11.8431	0	-22.0695	0	0	1.96541	0
THRA485	72.3482	-323.038	-135.041	-562.75	-24.4474	784.106	-711.832	27.6086	292.761	741.785	0	0	1.12406	14.0187	232.016	-11.8431	0	-22.0695	0	0	1.96541	0
ASPA487	72.3381	-323.018	-135.02	-562.743	-24.45	784.08	-711.828	27.6086	292.76	741.785	0	0	1.12406	13.9856	232.013	-11.8423	0	-22.0695	0	0	1.96541	0
H2SA488	72.326	-323.017	-135.02	-562.738	-24.4497	784.066	-711.823	27.6076	292.758	741.785	0	0	1.12406	13.9794	232.012	-11.8423	0	-22.0695	0	0	1.96493	0
ASPA489	72.2981	-323.017	-135.02	-562.734	-24.4622	784.048	-711.821	27.6076	292.758	741.785	0	0	1.12406	13.9794	232.009	-11.8449	0	-22.0695	0	0	1.96478	0
VALA490	72.2834	-323.017	-135.02	-562.741	-24.462	784.051	-711.836	27.6076	292.764	741.785	0	0	1.12406	13.9774	232.011	-11.8449	0	-22.0695	0	0	1.96478	0
TYRA491	72.2492	-323.018	-135.02	-562.756	-24.4622	784.057	-711.861	27.6074	292.765	741.786	0	0	1.12406	13.9775	232.016	-11.8449	0	-22.0695	0	0	1.96478	0
ARGA492	72.1324	-323.018	-135.02	-562.68	-24.4668	783.886	-711.812	27.6022	292.701	741.786	0	0	1.12406	13.9747	232.011	-11.839	0	-22.0695	0	0	1.9642	0
ASPA493	72.1246	-323.018	-135.02	-562.681	-24.4652	783.89	-711.812	27.6022	292.702	741.786	0	0	1.12406	13.9723	232.014	-11.8488	0	-22.0695	0	0	1.9642	0
GLUA494	72.0117	-323.037	-135.041	-562.662	-24.4638	783.788	-711.811	27.6017	292.709	741.786	0	0	1.12406	13.9698	232.014	-11.8468	0	-22.0695	0	0	1.9642	0
ASNA497	71.8909	-323.04	-135.127	-562.667	-24.4638	783.728	-711.823	27.6017	292.758	741.782	0	0	1.12406	13.9698	232.018	-11.8468	0	-22.0695	0	0	1.9642	0
ASNA498	71.8407	-323.066	-135.15	-562.661	-24.4638	783.722	-711.814	27.6016	292.759	741.777	0	0	1.12406	13.9646	232.018	-11.8468	0	-22.0695	0	0	1.9642	0
ARGA499	71.636	-323.151	-135.258	-562.651	-24.4347	783.669	-711.806	27.5826	292.782	741.781	0	0	1.12406	13.9536	232.012	-11.849	0	-22.0695	0	0	1.9642	0
PHEA500	71.6148	-323.152	-135.258	-562.691	-24.4269	783.706	-711.859	27.5851	292.808	741.781	0	0	1.12406	13.9538	232.017	-11.849	0	-22.0695	0	0	1.9642	0
GLNA501	71.4559	-323.151	-135.258	-562.676	-24.4269	783.665	-711.856	27.4532	292.8	741.783	0	0	1.12406	13.9537	232.014	-11.849	0	-22.0695	0	0	1.9642	0
ILEA502	71.4487	-323.151	-135.258	-562.678	-24.4269	783.67	-711.859	27.4532	292.8	741.785	0	0	1.12406	13.9434	232.014	-11.849	0	-22.0695	0	0	1.9642	0
LYSA503	71.4338	-323.151	-135.258	-562.683	-24.4303	783.668	-711.871	27.4532	292.801	741.791	0	0	1.12406	13.9434	232.014	-11.8477	0	-22.0695	0	0	1.9642	0
Now moving residues with bad energies 
ASNA8	71.388	-323.151	-135.241	-562.606	-24.4303	783.535	-711.815	27.4472	292.792	741.741	0	0	1.12406	13.9447	232.012	-11.8477	0	-22.0695	0	0	1.9642	0
SERA9	71.3869	-323.151	-135.241	-562.606	-24.4303	783.533	-711.815	27.4472	292.792	741.741	0	0	1.12406	13.9447	232.012	-11.8477	0	-22.0695	0	0	1.9642	0
THRA10	71.2478	-323.151	-135.241	-562.64	-24.4303	783.485	-711.916	27.4513	292.832	741.739	0	0	1.12406	13.9482	232.012	-11.8477	0	-22.0695	0	0	1.9642	0
THRA12	71.2413	-323.151	-135.241	-562.642	-24.4303	783.488	-711.924	27.4513	292.832	741.739	0	0	1.12406	13.9484	232.012	-11.8477	0	-22.0695	0	0	1.9642	0
H2SA18	70.8708	-323.151	-135.241	-562.653	-24.4303	783.455	-711.941	27.5013	292.832	741.739	0	0	1.12406	13.5919	232.013	-11.8477	0	-22.0695	0	0	1.96251	0
VALA20	70.8708	-323.151	-135.241	-562.653	-24.4303	783.455	-711.941	27.5013	292.832	741.739	0	0	1.12406	13.5919	232.013	-11.8477	0	-22.0695	0	0	1.96251	0
PROA21	70.8668	-323.151	-135.241	-562.655	-24.4303	783.455	-711.945	27.5013	292.832	741.739	0	0	1.12406	13.5919	232.013	-11.8477	0	-22.0695	0	0	1.96251	0
ASNA22	70.3422	-323.151	-135.241	-562.487	-24.4303	783.04	-711.797	27.5013	292.753	741.711	0	0	1.12406	13.2746	232.011	-11.8477	0	-22.0695	0	0	1.96251	0
THRA24	70.1277	-323.154	-135.241	-562.517	-24.4306	782.869	-711.924	27.6035	292.774	741.702	0	0	1.12406	13.2772	232.007	-11.8477	0	-22.0695	0	0	1.96251	0
ILEA25	68.3217	-322.81	-136.757	-562.552	-24.4306	782.696	-711.964	26.9022	293.145	741.698	0	0	1.12406	13.2242	232.006	-11.8477	0	-22.0695	0	0	1.96251	0
LYSA27	67.6638	-322.795	-136.991	-562.614	-24.5002	782.544	-712.215	26.902	293.295	741.643	0	0	1.12406	13.2266	232.038	-11.8477	0	-22.0695	0	0	1.96251	0
ILEA29	66.2413	-322.795	-137.976	-562.668	-24.5002	782.536	-712.338	26.0736	293.738	741.642	0	0	1.12406	13.361	232.036	-11.8477	0	-22.0695	0	0	1.96251	0
THRA30	66.1954	-322.795	-138	-562.667	-24.5002	782.532	-712.338	26.0725	293.739	741.641	0	0	1.12406	13.3426	232.035	-11.8477	0	-22.0695	0	0	1.96251	0
ASNA31	66.0758	-322.795	-137.995	-562.572	-24.5009	782.324	-712.296	26.0725	293.678	741.649	0	0	1.12406	13.3417	231.966	-11.8477	0	-22.0695	0	0	1.96251	0
ASPA32	66.0653	-322.795	-137.995	-562.575	-24.4889	782.373	-712.277	26.0725	293.594	741.644	0	0	1.12406	13.3428	231.978	-11.8477	0	-22.0695	0	0	1.96251	0
GLNA33	65.9402	-322.795	-137.995	-562.655	-24.4889	782.403	-712.428	26.0732	293.68	741.633	0	0	1.12406	13.3433	231.974	-11.8477	0	-22.0695	0	0	1.96251	0
GLUA35	65.9249	-322.795	-137.988	-562.642	-24.4944	782.363	-712.409	26.0654	293.68	741.633	0	0	1.12406	13.3433	231.973	-11.8477	0	-22.0695	0	0	1.96251	0
THRA37	65.8178	-322.795	-137.988	-562.619	-24.4944	782.268	-712.428	26.064	293.68	741.618	0	0	1.12406	13.3433	231.975	-11.8477	0	-22.0695	0	0	1.96252	0
ASNA38	65.4844	-322.318	-138.372	-562.619	-24.4944	782.14	-712.429	26.0681	293.652	741.345	0	0	1.12406	13.3433	231.969	-11.8477	0	-22.0695	0	0	1.96252	0
THRA40	65.1804	-322.325	-138.543	-562.677	-24.4883	782.084	-712.545	26.0632	293.755	741.344	0	0	1.12406	13.3433	231.976	-11.8477	0	-22.0695	0	0	1.96252	0
GLUA41	64.0813	-322.349	-139.327	-562.616	-24.5122	781.784	-712.525	26.0094	293.774	741.333	0	0	1.12406	13.3433	231.977	-11.8492	0	-22.0695	0	0	1.96252	0
SERA45	63.6799	-322.985	-139.978	-562.819	-24.5122	782.214	-712.64	26.0112	294.183	741.684	0	0	1.12406	13.3528	232.015	-11.8492	0	-22.0695	0	0	1.96252	0
SERA46	63.5905	-322.985	-139.978	-562.747	-24.5122	782.056	-712.594	26.0112	294.15	741.669	0	0	1.12406	13.3522	232.014	-11.8492	0	-22.0695	0	0	1.96252	0
SERA47	63.5905	-322.985	-139.978	-562.747	-24.5122	782.056	-712.594	26.0112	294.15	741.669	0	0	1.12406	13.3522	232.014	-11.8492	0	-22.0695	0	0	1.96252	0
THRA48	62.7588	-323.793	-140.743	-563.022	-24.5122	782.6	-712.714	26.0165	294.684	741.683	0	0	1.12406	13.3924	232.016	-11.8492	0	-22.0695	0	0	1.96252	0
ASPA53	62.3295	-324.058	-140.897	-563.072	-24.5371	782.752	-712.773	26.0186	294.693	741.705	0	0	1.12406	13.3301	232.015	-11.8492	0	-22.0695	0	0	1.96252	0
SERA54	62.3295	-324.058	-140.897	-563.072	-24.5371	782.752	-712.773	26.0186	294.693	741.705	0	0	1.12406	13.3301	232.015	-11.8492	0	-22.0695	0	0	1.96252	0
PROA55	62.2767	-324.072	-140.897	-563.117	-24.5335	782.789	-712.844	26.0346	294.702	741.718	0	0	1.12406	13.3311	232.032	-11.8492	0	-22.0695	0	0	1.95986	0
GLNA57	60.9222	-324.67	-141.427	-563.084	-24.2841	782.068	-712.977	26.0039	295.062	741.718	0	0	1.12406	13.362	232.014	-11.8641	0	-22.0695	0	0	1.95986	0
ASPA60	60.9222	-324.67	-141.427	-563.084	-24.2841	782.068	-712.977	26.0039	295.062	741.718	0	0	1.12406	13.362	232.014	-11.8641	0	-22.0695	0	0	1.95986	0
GLUA62	60.7772	-324.67	-141.427	-563.077	-24.2386	781.916	-713.011	26.0055	295.044	741.724	0	0	1.12406	13.3598	232.002	-11.8623	0	-22.0695	0	0	1.95986	0
ASNA63	60.6587	-324.667	-141.423	-562.986	-24.2384	781.696	-712.905	26.0063	294.963	741.701	0	0	1.12406	13.3599	232.007	-11.8624	0	-22.0695	0	0	1.95986	0
THRA65	60.5609	-324.703	-141.455	-562.984	-24.2363	781.635	-712.945	26.0063	294.963	741.715	0	0	1.12406	13.4125	232.007	-11.8624	0	-22.0695	0	0	1.95986	0
ASPA68	59.6733	-324.95	-142.118	-563.065	-24.3879	781.931	-713.004	26.07	294.967	741.71	0	0	1.12406	13.4261	232.031	-11.9199	0	-22.0695	0	0	1.95986	0
ASPA73	59.6583	-324.909	-142.076	-563.064	-24.4158	781.918	-713.011	26.0761	294.967	741.71	0	0	1.12406	13.3692	232.003	-11.9199	0	-22.0695	0	0	1.95986	0
GLNA75	59.4051	-325.077	-143.354	-562.092	-24.4247	780.312	-712.024	26.0963	295.114	742.438	0	0	1.12406	13.3214	231.741	-11.9196	0	-22.0695	0	0	1.95986	0
ASPA77	59.3966	-325.078	-143.373	-562.106	-24.4313	780.359	-712.036	26.0974	295.112	742.438	0	0	1.12406	13.3235	231.749	-11.9237	0	-22.0695	0	0	1.95986	0
GLNA80	57.7702	-326.561	-144.682	-562.504	-24.7159	781.091	-712.392	27.0713	296.196	742.486	0	0	1.12406	13.3976	232.332	-12.6312	0	-22.0695	0	0	1.95986	0
ASNA81	57.7463	-326.572	-144.705	-562.484	-24.7159	781.056	-712.372	27.0724	296.199	742.486	0	0	1.12406	13.3976	232.336	-12.6312	0	-22.0695	0	0	1.95986	0
LYSA82	57.453	-326.575	-144.705	-562.447	-24.6922	780.728	-712.38	27.065	296.155	742.499	0	0	1.12406	13.3971	232.299	-12.6066	0	-22.0695	0	0	1.95986	0
LYSA83	57.4278	-326.575	-144.705	-562.428	-24.6891	780.69	-712.369	27.0649	296.136	742.498	0	0	1.12406	13.3965	232.299	-12.6064	0	-22.0695	0	0	1.95986	0
ASPA85	57.3607	-326.572	-144.702	-562.405	-24.6794	780.593	-712.356	27.0652	296.13	742.498	0	0	1.12406	13.3965	232.299	-12.6063	0	-22.0695	0	0	1.94586	0
GLUA89	57.2325	-326.604	-144.792	-562.397	-24.6506	780.555	-712.357	27.0652	296.13	742.494	0	0	1.12406	13.3965	232.299	-12.6087	0	-22.0695	0	0	1.94586	0
ARGA90	57.2325	-326.604	-144.792	-562.397	-24.6506	780.555	-712.357	27.0652	296.13	742.494	0	0	1.12406	13.3965	232.299	-12.6087	0	-22.0695	0	0	1.94586	0
SERA91	56.4043	-326.609	-144.799	-562.282	-24.6496	780.296	-712.257	26.3889	296.079	742.466	0	0	1.12406	13.3782	232.28	-12.6085	0	-22.0695	0	0	1.94586	0
LYSA92	56.1564	-326.609	-144.799	-562.127	-24.6227	779.876	-712.085	26.3859	295.904	742.466	0	0	1.12406	13.3934	232.233	-12.6274	0	-22.0695	0	0	1.94586	0
TYRA94	56.1383	-326.609	-144.795	-562.131	-24.6227	779.886	-712.087	26.3558	295.904	742.47	0	0	1.12406	13.3939	232.25	-12.6274	0	-22.0695	0	0	1.94586	0
SERA95	56.1331	-326.609	-144.829	-562.131	-24.6226	779.888	-712.087	26.3834	295.904	742.47	0	0	1.12406	13.3939	232.251	-12.6274	0	-22.0695	0	0	1.94586	0
ASNA96	56.1331	-326.609	-144.829	-562.131	-24.6226	779.888	-712.087	26.3834	295.904	742.47	0	0	1.12406	13.3939	232.251	-12.6274	0	-22.0695	0	0	1.94586	0
CYSA97	56.1331	-326.609	-144.829	-562.131	-24.6226	779.888	-712.087	26.3834	295.904	742.47	0	0	1.12406	13.3939	232.251	-12.6274	0	-22.0695	0	0	1.94586	0
TYRA100	55.9314	-326.609	-144.838	-562.191	-24.6229	779.845	-712.233	26.3868	295.907	742.492	0	0	1.12406	13.421	232.251	-12.6274	0	-22.0695	0	0	1.94586	0
ASPA101	55.6874	-326.609	-144.91	-562.194	-24.6188	779.866	-712.235	26.3868	295.907	742.492	0	0	1.12406	13.2293	232.252	-12.6278	0	-22.0695	0	0	1.94586	0
PROA103	55.3196	-326.609	-144.91	-562.327	-24.6166	779.878	-712.519	26.4008	295.906	742.49	0	0	1.12406	13.2504	232.258	-12.6278	0	-22.0695	0	0	1.94754	0
ASPA104	55.1467	-326.605	-144.91	-562.238	-24.6094	779.472	-712.463	26.2818	295.903	742.49	0	0	1.12406	13.2503	232.223	-12.4269	0	-22.0695	0	0	1.94754	0
TYRA105	53.6554	-326.598	-146.365	-562.451	-24.4626	779.371	-712.823	26.4145	296.197	742.556	0	0	1.12406	13.2434	232.196	-12.4276	0	-22.0695	0	0	1.94754	0
SERA107	52.4961	-326.601	-147.877	-562.517	-24.4609	779.539	-712.859	26.4146	296.555	742.556	0	0	1.12406	13.2435	232.219	-12.4981	0	-22.0695	0	0	1.94754	0
ARGA109	52.4961	-326.601	-147.877	-562.517	-24.4609	779.539	-712.859	26.4146	296.555	742.556	0	0	1.12406	13.2435	232.219	-12.4981	0	-22.0695	0	0	1.94754	0
SERA110	52.4579	-326.601	-147.92	-562.517	-24.461	779.539	-712.859	26.4321	296.554	742.556	0	0	1.12406	13.2294	232.219	-12.4981	0	-22.0695	0	0	1.94785	0
SERA114	51.4555	-327.209	-148.529	-562.541	-24.4582	779.756	-712.726	26.4281	296.801	742.528	0	0	1.12406	12.9019	232.378	-12.4981	0	-22.0695	0	0	1.94691	0
SERA115	51.4422	-327.199	-148.529	-562.534	-24.4582	779.729	-712.728	26.4253	296.801	742.529	0	0	1.12406	12.9019	232.377	-12.4981	0	-22.0695	0	0	1.94691	0
GLUA119	51.3116	-327.199	-148.652	-562.523	-24.4485	779.705	-712.713	26.4049	296.802	742.529	0	0	1.12406	12.9019	232.377	-12.4976	0	-22.0695	0	0	1.94691	0
ASNA121	51.2473	-327.199	-148.675	-562.523	-24.4485	779.688	-712.705	26.4105	296.791	742.529	0	0	1.12406	12.8747	232.377	-12.4976	0	-22.0695	0	0	1.94691	0
ASNA122	50.5244	-327.782	-149.295	-562.574	-24.4485	779.714	-712.759	26.4166	297.305	742.569	0	0	1.12406	12.8759	232.405	-12.4976	0	-22.0695	0	0	1.94691	0
GLUA123	50.2478	-327.782	-149.606	-562.605	-24.5074	779.747	-712.815	26.5632	297.303	742.569	0	0	1.12406	12.8759	232.405	-12.4969	0	-22.0695	0	0	1.94691	0
SERA124	50.2308	-327.782	-149.606	-562.6	-24.5074	779.731	-712.816	26.5632	297.303	742.566	0	0	1.12406	12.8759	232.405	-12.4969	0	-22.0695	0	0	1.94691	0
ASNA126	50.2176	-327.765	-149.594	-562.597	-24.5074	779.725	-712.813	26.5632	297.303	742.564	0	0	1.12406	12.8344	232.405	-12.4969	0	-22.0695	0	0	1.94691	0
TRPA127	50.0491	-327.782	-149.594	-562.624	-24.5074	779.691	-712.903	26.5797	297.301	742.549	0	0	1.12406	12.8344	232.403	-12.4969	0	-22.0695	0	0	1.94691	0
THRA128	50.0444	-327.782	-149.596	-562.624	-24.5074	779.689	-712.903	26.5797	297.301	742.549	0	0	1.12406	12.8328	232.403	-12.4969	0	-22.0695	0	0	1.94691	0
THRA131	50.0444	-327.782	-149.596	-562.624	-24.5074	779.689	-712.903	26.5797	297.301	742.549	0	0	1.12406	12.8328	232.403	-12.4969	0	-22.0695	0	0	1.94691	0
GLNA132	49.9208	-327.782	-149.791	-562.7	-24.5071	779.773	-712.986	26.5819	297.445	742.549	0	0	1.12406	12.8333	232.407	-12.4969	0	-22.0695	0	0	1.94691	0
ASNA133	49.509	-327.852	-150.186	-562.692	-24.5047	779.815	-712.954	26.5694	297.43	742.543	0	0	1.12406	12.8366	232.404	-12.4971	0	-22.0695	0	0	1.94691	0
THRA135	49.3948	-327.853	-150.186	-562.694	-24.5047	779.74	-713.003	26.5755	297.434	742.545	0	0	1.12406	12.8358	232.405	-12.4971	0	-22.0695	0	0	1.94691	0
SERA136	48.837	-328.164	-150.496	-562.697	-24.5047	779.779	-712.989	26.5821	297.434	742.551	0	0	1.12406	12.8372	232.412	-12.4971	0	-22.0695	0	0	1.94691	0
SERA137	48.2934	-328.165	-151.95	-562.736	-24.504	779.856	-713.04	26.5823	298.335	742.57	0	0	1.12406	12.843	232.382	-12.4971	0	-22.0695	0	0	1.94691	0
LYSA140	48.2047	-328.165	-151.879	-562.688	-24.5123	779.699	-712.998	26.5823	298.264	742.555	0	0	1.12406	12.8428	232.369	-12.4971	0	-22.0695	0	0	1.94691	0
ARGA141	48.0831	-328.241	-151.927	-562.711	-24.5528	779.778	-712.995	26.574	298.264	742.549	0	0	1.12406	12.8429	232.373	-12.4994	0	-22.0695	0	0	1.94691	0
LYSA142	47.7354	-328.234	-151.913	-562.993	-24.7449	780.128	-713.34	26.5687	298.346	742.592	0	0	1.12406	12.8385	232.374	-12.5149	0	-22.0695	0	0	1.94691	0
SERA143	47.7179	-328.234	-151.913	-562.972	-24.7449	780.093	-713.317	26.5678	298.343	742.57	0	0	1.12406	12.8385	232.363	-12.5149	0	-22.0695	0	0	1.94691	0
ASNA144	47.4634	-328.247	-151.896	-562.943	-24.7449	779.938	-713.34	26.5706	298.323	742.472	0	0	1.12406	12.8435	232.307	-12.5149	0	-22.0695	0	0	1.94691	0
ASNA145	47.4464	-328.247	-151.903	-562.931	-24.7449	779.918	-713.331	26.5706	298.323	742.467	0	0	1.12406	12.8387	232.305	-12.5149	0	-22.0695	0	0	1.94691	0
SERA146	46.7555	-328.785	-152.427	-563.022	-24.7273	779.835	-713.377	26.5445	298.493	742.896	0	0	1.12406	12.8387	232.326	-12.5149	0	-22.0695	0	0	1.94691	0
SERA149	45.1027	-328.831	-152.465	-562.863	-24.7761	779.237	-713.333	25.5705	298.377	742.896	0	0	1.12406	12.8247	232.314	-12.5361	0	-22.0695	0	0	1.94691	0
ARGA150	45.0519	-328.85	-152.478	-562.866	-24.7708	779.259	-713.336	25.5831	298.371	742.901	0	0	1.12406	12.783	232.33	-12.5452	0	-22.0695	0	0	1.94691	0
THRA155	44.7808	-328.912	-152.571	-562.871	-24.7708	779.138	-713.331	25.5675	298.367	742.905	0	0	1.12406	12.7995	232.322	-12.5452	0	-22.0695	0	0	1.95015	0
LEUA157	43.2106	-329.021	-152.648	-563.006	-24.7708	779.308	-713.486	25.5507	298.357	742.998	0	0	1.12406	11.4684	232.366	-12.5452	0	-22.0695	0	0	1.95093	0
LYSA158	42.7494	-329.021	-152.648	-563.148	-24.769	779.118	-713.787	25.5646	298.5	743.004	0	0	1.12406	11.4716	232.394	-12.5425	0	-22.0695	0	0	1.95093	0
PHEA159	42.3129	-329.021	-152.648	-563.575	-24.769	779.337	-714.616	25.7954	298.798	743.097	0	0	1.12406	11.4753	232.266	-12.5575	0	-22.0695	0	0	1.94247	0
LYSA160	41.5779	-329.038	-152.648	-563.836	-24.7711	779.301	-715.145	25.8137	298.891	743.092	0	0	1.12406	11.4753	232.147	-12.5527	0	-22.0695	0	0	1.94247	0
ASNA165	41.4729	-329.027	-152.648	-563.806	-24.7711	779.202	-715.136	25.8137	298.862	743.064	0	0	1.12406	11.4754	232.149	-12.5527	0	-22.0695	0	0	1.94247	0
THRA167	41.0808	-329.033	-152.643	-563.99	-24.771	778.882	-715.657	25.994	299.047	743.078	0	0	1.12406	11.7305	232.161	-12.5527	0	-22.0695	0	0	1.94247	0
PROA169	41.0171	-329.04	-152.643	-563.992	-24.771	778.842	-715.692	25.9964	299.061	743.08	0	0	1.12406	11.7312	232.135	-12.5527	0	-22.0695	0	0	1.94247	0
ASNA171	40.9438	-329.027	-152.643	-563.932	-24.771	778.684	-715.652	25.9964	299.035	743.079	0	0	1.12406	11.7307	232.127	-12.5527	0	-22.0695	0	0	1.94247	0
GLUA172	40.2514	-329.027	-153.836	-563.981	-25.0025	778.812	-715.698	26.0048	299.739	743.055	0	0	1.12406	11.7419	232.073	-12.5527	0	-22.0695	0	0	1.94247	0
LYSA173	39.6076	-329.027	-153.836	-564.415	-25.091	779.15	-716.42	26.006	299.924	743.128	0	0	1.12406	11.7445	232.21	-12.5527	0	-22.0695	0	0	1.94247	0
PHEA174	39.6076	-329.027	-153.836	-564.415	-25.091	779.15	-716.42	26.006	299.924	743.128	0	0	1.12406	11.7445	232.21	-12.5527	0	-22.0695	0	0	1.94247	0
ASPA175	39.5393	-329.042	-153.834	-564.4	-25.0876	779.099	-716.411	26.0234	299.919	743.128	0	0	1.12406	11.6995	232.192	-12.5524	0	-22.0695	0	0	1.94247	0
LYSA176	39.492	-329.092	-153.811	-564.394	-25.0468	779.029	-716.411	26.026	299.919	743.128	0	0	1.12406	11.6996	232.193	-12.5524	0	-22.0695	0	0	1.94247	0
THRA187	39.3459	-329.039	-153.758	-564.549	-25.0468	779.176	-716.849	26.2028	299.931	743.128	0	0	1.12406	11.7064	232.324	-12.5524	0	-22.0695	0	0	1.94247	0
ASPA188	38.976	-329.039	-153.758	-564.525	-25.0135	779.141	-716.779	26.1975	299.845	743.128	0	0	1.12406	11.7015	232.394	-12.9186	0	-22.0695	0	0	1.94247	0
ASNA189	38.5704	-329.039	-154.879	-564.733	-25.0111	779.602	-716.961	26.2132	300.494	743.128	0	0	1.12406	11.6947	232.478	-12.9351	0	-22.0695	0	0	1.94247	0
ASPA190	38.4737	-329.04	-154.879	-564.711	-25.0182	779.467	-716.951	26.2131	300.495	743.128	0	0	1.12406	11.6716	232.437	-12.8988	0	-22.0695	0	0	1.94247	0
ILEA192	38.4229	-329.04	-154.879	-564.544	-25.0182	779.304	-716.662	26.1802	300.424	742.881	0	0	1.12406	11.6789	232.47	-12.8988	0	-22.0695	0	0	1.94247	0
PHEA193	37.8281	-329.051	-154.879	-564.958	-25.035	779.491	-717.379	26.1808	300.715	742.881	0	0	1.12406	11.7666	232.568	-12.9074	0	-22.0695	0	0	1.94734	0
GLNA197	37.8155	-329.038	-154.866	-564.934	-25.035	779.458	-717.357	26.1586	300.688	742.881	0	0	1.12406	11.7651	232.568	-12.9074	0	-22.0695	0	0	1.94734	0
SERA199	37.2978	-329.338	-155.178	-564.985	-25.035	779.398	-717.358	26.1754	300.873	742.746	0	0	1.12406	11.9037	232.572	-12.9074	0	-22.0695	0	0	1.94734	0
ARGA201	36.7209	-329.366	-156.56	-565.311	-25.035	779.914	-717.6	26.2558	301.693	742.731	0	0	1.12406	11.9037	232.572	-12.9074	0	-22.0695	0	0	1.94734	0
SERA205	35.8266	-329.729	-157.195	-565.466	-25.0451	779.851	-717.916	26.4326	302.067	742.824	0	0	1.12406	11.9078	232.615	-12.9074	0	-22.0695	0	0	1.94734	0
THRA206	35.7887	-329.743	-157.217	-565.474	-25.045	779.856	-717.928	26.4371	302.068	742.817	0	0	1.12406	11.9234	232.617	-12.9074	0	-22.0695	0	0	1.94734	0
LYSA207	35.783	-329.748	-157.222	-565.472	-25.046	779.851	-717.925	26.4385	302.072	742.817	0	0	1.12406	11.9237	232.617	-12.9074	0	-22.0695	0	0	1.94734	0
ARGA208	34.1749	-329.767	-158.131	-565.885	-25.9107	780.687	-718.265	25.6073	302.981	742.817	0	0	1.12406	11.9471	232.678	-12.9074	0	-22.0695	0	0	1.94734	0
SERA209	34.1087	-329.767	-158.079	-565.886	-25.9107	780.689	-718.266	25.4555	302.981	742.818	0	0	1.12406	11.9794	232.677	-12.9074	0	-22.0695	0	0	1.94734	0
GLNA210	33.2142	-329.904	-159.174	-566.413	-25.9107	781.319	-718.9	25.4884	303.781	742.876	0	0	1.12406	11.9585	232.66	-12.9074	0	-22.0695	0	0	1.94734	0
GLNA211	33.1985	-329.905	-159.202	-566.398	-25.9107	781.265	-718.902	25.5357	303.787	742.876	0	0	1.12406	11.9585	232.66	-12.9074	0	-22.0695	0	0	1.94734	0
THRA212	33.1985	-329.905	-159.202	-566.398	-25.9107	781.265	-718.902	25.5357	303.787	742.876	0	0	1.12406	11.9585	232.66	-12.9074	0	-22.0695	0	0	1.94734	0
ILEA214	32.786	-329.905	-159.202	-566.574	-25.9107	781.373	-719.233	25.4506	303.827	742.886	0	0	1.12406	11.9803	232.668	-12.9074	0	-22.0695	0	0	1.94707	0
ASNA216	32.6119	-330.376	-159.711	-566.452	-25.9106	781.132	-719.101	25.4505	304.272	743.075	0	0	1.12406	12.1449	232.668	-12.9074	0	-22.0695	0	0	1.94168	0
SERA219	32.3794	-330.732	-160.067	-566.536	-25.9106	781.173	-719.159	25.4505	304.682	743.245	0	0	1.12406	12.1449	232.658	-12.9074	0	-22.0695	0	0	1.94168	0
ARGA220	32.3599	-330.744	-160.08	-566.523	-25.9113	781.152	-719.154	25.4604	304.682	743.244	0	0	1.12406	12.1454	232.658	-12.907	0	-22.0695	0	0	1.94002	0
PROA221	32.3215	-330.744	-160.08	-566.582	-25.9103	781.191	-719.252	25.4989	304.704	743.262	0	0	1.12406	12.1454	232.661	-12.907	0	-22.0695	0	0	1.94002	0
ARGA222	32.3105	-330.744	-160.067	-566.57	-25.9103	781.171	-719.255	25.4989	304.692	743.262	0	0	1.12406	12.1454	232.629	-12.9073	0	-22.0695	0	0	1.94002	0
VALA223	32.3105	-330.744	-160.067	-566.57	-25.9103	781.171	-719.255	25.4989	304.692	743.262	0	0	1.12406	12.1454	232.629	-12.9073	0	-22.0695	0	0	1.94002	0
ARGA224	31.6745	-330.881	-160.204	-566.573	-25.8907	781.156	-719.274	25.5101	304.695	742.903	0	0	1.12406	12.1453	232.624	-12.9073	0	-22.0695	0	0	1.94002	0
ASNA225	31.664	-330.881	-160.225	-566.573	-25.8907	781.157	-719.274	25.5101	304.706	742.903	0	0	1.12406	12.1453	232.623	-12.9073	0	-22.0695	0	0	1.94002	0
SERA228	31.664	-330.881	-160.225	-566.573	-25.8907	781.157	-719.274	25.5101	304.706	742.903	0	0	1.12406	12.1453	232.623	-12.9073	0	-22.0695	0	0	1.94002	0
ARGA229	31.508	-331.003	-160.343	-566.587	-25.8752	781.211	-719.261	25.5312	304.701	742.901	0	0	1.12406	12.1453	232.625	-12.9073	0	-22.0695	0	0	1.94002	0
SERA231	31.4917	-331.003	-160.358	-566.576	-25.8752	781.189	-719.251	25.5312	304.701	742.901	0	0	1.12406	12.1453	232.625	-12.9073	0	-22.0695	0	0	1.94006	0
TYRA233	31.4182	-331.003	-160.365	-566.67	-25.8753	781.334	-719.361	25.5307	304.688	742.899	0	0	1.12406	12.1531	232.625	-12.9073	0	-22.0695	0	0	1.94117	0
LYSA238	31.2779	-331.005	-160.367	-566.73	-25.8757	781.329	-719.502	25.5298	304.73	742.897	0	0	1.12406	12.1841	232.625	-12.9073	0	-22.0695	0	0	1.94117	0
LEUA244	31.2689	-331.005	-160.368	-566.732	-25.8758	781.328	-719.508	25.5298	304.732	742.897	0	0	1.12406	12.1822	232.624	-12.9073	0	-22.0695	0	0	1.94117	0
ASNA246	31.2459	-331.042	-160.392	-566.75	-25.8758	781.362	-719.52	25.5298	304.732	742.91	0	0	1.12406	12.2043	232.625	-12.9073	0	-22.0695	0	0	1.94117	0
SERA247	30.8446	-331.094	-160.452	-566.755	-25.8758	781.363	-719.529	25.2208	304.732	742.909	0	0	1.12406	12.2376	232.625	-12.9073	0	-22.0695	0	0	1.94117	0
THRA248	30.8446	-331.094	-160.452	-566.755	-25.8758	781.363	-719.529	25.2208	304.732	742.909	0	0	1.12406	12.2376	232.625	-12.9073	0	-22.0695	0	0	1.94117	0
ASNA250	30.7375	-331.108	-160.529	-566.758	-25.8758	781.358	-719.535	25.2193	304.731	742.908	0	0	1.12406	12.2374	232.622	-12.9073	0	-22.0695	0	0	1.94117	0
ARGA255	30.6674	-331.123	-160.604	-566.76	-25.8746	781.379	-719.528	25.214	304.731	742.908	0	0	1.12406	12.2373	232.618	-12.9071	0	-22.0695	0	0	1.94117	0
TYRA257	30.6674	-331.123	-160.604	-566.76	-25.8746	781.379	-719.528	25.214	304.731	742.908	0	0	1.12406	12.2373	232.618	-12.9071	0	-22.0695	0	0	1.94117	0
LYSA259	29.4723	-331.166	-161.39	-566.803	-26.4718	781.406	-719.547	25.2605	304.968	742.898	0	0	1.12406	12.2495	232.641	-12.9289	0	-22.0695	0	0	1.94117	0
ARGA261	29.3853	-331.166	-161.403	-566.756	-26.4542	781.301	-719.521	25.2154	304.964	742.89	0	0	1.12406	12.2493	232.641	-12.9292	0	-22.0695	0	0	1.94117	0
SERA262	28.8989	-331.166	-161.403	-566.751	-26.4542	781.287	-719.517	25.2154	304.964	742.878	0	0	1.12406	11.7797	232.641	-12.9292	0	-22.0695	0	0	1.94117	0
LYSA264	26.988	-331.81	-162.953	-566.97	-27.0785	781.708	-719.693	25.5948	305.594	742.754	0	0	1.12406	11.78	232.655	-12.9786	0	-22.0695	0	0	1.9863	0
SERA265	26.988	-331.81	-162.953	-566.97	-27.0785	781.708	-719.693	25.5948	305.594	742.754	0	0	1.12406	11.78	232.655	-12.9786	0	-22.0695	0	0	1.9863	0
SERA266	26.7952	-331.809	-162.899	-566.973	-27.0787	781.714	-719.695	25.3455	305.594	742.754	0	0	1.12406	11.78	232.655	-12.9786	0	-22.0695	0	0	1.98693	0
ARGA269	25.7453	-331.82	-162.408	-566.852	-27.4446	781.25	-719.692	25.3516	304.774	742.676	0	0	1.12406	11.8339	232.64	-12.967	0	-22.0695	0	0	1.98806	0
SERA270	25.7453	-331.82	-162.408	-566.852	-27.4446	781.25	-719.692	25.3516	304.774	742.676	0	0	1.12406	11.8339	232.64	-12.967	0	-22.0695	0	0	1.98806	0
ASPA271	25.7402	-331.836	-162.422	-566.844	-27.4201	781.237	-719.675	25.3516	304.77	742.679	0	0	1.12406	11.8246	232.64	-12.967	0	-22.0695	0	0	1.98806	0
PROA273	25.7305	-331.836	-162.422	-566.843	-27.4202	781.23	-719.677	25.3516	304.769	742.679	0	0	1.12406	11.8246	232.638	-12.967	0	-22.0695	0	0	1.98806	0
LYSA276	25.1652	-331.876	-163.025	-567.056	-27.7947	781.538	-719.89	25.3497	305.23	742.788	0	0	1.12406	11.8258	232.639	-12.967	0	-22.0695	0	0	1.98806	0
ASNA278	25.1311	-331.875	-163.025	-567.067	-27.7947	781.512	-719.9	25.3494	305.235	742.796	0	0	1.12406	11.8259	232.64	-12.967	0	-22.0695	0	0	1.98806	0
SERA279	24.6361	-332.388	-163.573	-567.013	-27.7947	781.106	-719.9	25.3521	305.475	743.47	0	0	1.12406	11.8256	232.636	-12.967	0	-22.0695	0	0	1.98806	0
GLUA280	23.3677	-332.342	-165.293	-566.78	-27.4916	780.164	-719.68	25.2611	306.203	743.42	0	0	1.12406	11.8155	232.627	-12.9196	0	-22.0695	0	0	1.95607	0
ASNA285	22.8843	-332.386	-165.645	-566.851	-27.496	780.268	-719.761	25.2666	306.212	743.435	0	0	1.12406	11.7512	232.624	-12.9196	0	-22.0695	0	0	1.95607	0
SERA287	22.8397	-332.384	-165.636	-566.832	-27.496	780.206	-719.761	25.2532	306.213	743.435	0	0	1.12406	11.7512	232.623	-12.9196	0	-22.0695	0	0	1.95607	0
PROA289	22.8193	-332.384	-165.636	-566.843	-27.4962	780.209	-719.783	25.2532	306.221	743.436	0	0	1.12406	11.7512	232.623	-12.9196	0	-22.0695	0	0	1.95607	0
ASPA291	21.7049	-333.002	-166.061	-566.891	-27.6811	780.159	-719.824	25.2532	306.217	743.676	0	0	1.12406	11.7661	232.637	-12.9174	0	-22.0695	0	0	1.95607	0
LYSA292	21.6846	-333.002	-166.085	-566.892	-27.6882	780.172	-719.825	25.2532	306.217	743.675	0	0	1.12406	11.7664	232.638	-12.9175	0	-22.0695	0	0	1.95607	0
GLNA295	20.9325	-333.301	-166.381	-566.896	-27.6882	780.004	-719.834	25.178	306.235	743.755	0	0	1.12406	11.767	232.62	-12.9175	0	-22.0695	0	0	1.95607	0
ASNA296	20.9058	-333.307	-166.387	-566.899	-27.6882	780.004	-719.836	25.178	306.235	743.758	0	0	1.12406	11.7564	232.62	-12.9175	0	-22.0695	0	0	1.95607	0
ARGA299	18.9259	-334.625	-167.844	-566.723	-27.6559	779.504	-719.75	25.3023	306.955	743.909	0	0	1.12406	11.7615	232.505	-12.9176	0	-22.0695	0	0	1.95607	0
THRA301	18.6999	-334.592	-167.844	-566.689	-27.6599	779.299	-719.831	25.3157	306.948	743.906	0	0	1.12406	11.755	232.476	-12.9176	0	-22.0695	0	0	1.95607	0
ARGA307	16.794	-335.333	-168.375	-567.006	-27.8392	779.31	-720.341	25.3662	307.329	743.9	0	0	1.12406	11.8052	232.489	-13.0324	0	-22.0695	0	0	1.95607	0
TYRA308	16.7924	-335.334	-168.375	-567.005	-27.8386	779.32	-720.333	25.3491	307.328	743.901	0	0	1.12406	11.8013	232.496	-13.0324	0	-22.0695	0	0	1.95607	0
LYSA310	15.8231	-335.268	-167.567	-566.898	-27.4453	778.163	-720.429	25.3202	306.347	743.901	0	0	1.12406	11.7209	232.328	-13.0324	0	-22.0695	0	0	1.95607	0
GLNA311	15.5811	-335.378	-167.672	-566.909	-27.446	778.172	-720.45	25.318	306.345	743.902	0	0	1.12406	11.7209	232.323	-13.0324	0	-22.0695	0	0	1.95607	0
ASNA312	15.0628	-335.394	-168.745	-567.148	-27.446	778.535	-720.608	25.3179	306.925	743.918	0	0	1.12406	11.7309	232.288	-13.0324	0	-22.0695	0	0	1.95607	0
THRA313	15.049	-335.394	-168.722	-567.148	-27.4459	778.534	-720.608	25.2818	306.924	743.918	0	0	1.12406	11.7309	232.288	-13.0324	0	-22.0695	0	0	1.95607	0
LYSA315	13.5394	-335.383	-169.306	-566.9	-27.7214	777.501	-720.443	25.3103	306.944	743.828	0	0	1.12406	11.731	232.288	-13.0324	0	-22.0695	0	0	1.95607	0
ARGA321	13.4856	-335.383	-169.359	-566.87	-27.7118	777.458	-720.421	25.306	306.938	743.823	0	0	1.12406	11.7276	232.288	-13.0324	0	-22.0695	0	0	1.95605	0
VALA323	13.4542	-335.384	-169.359	-566.887	-27.712	777.463	-720.455	25.3073	306.94	743.836	0	0	1.12406	11.7275	232.29	-13.0324	0	-22.0695	0	0	1.95562	0
PROA324	13.4261	-335.395	-169.359	-566.914	-27.712	777.495	-720.493	25.3145	306.947	743.838	0	0	1.12406	11.7276	232.29	-13.0324	0	-22.0695	0	0	1.95562	0
GLUA325	13.3786	-335.401	-169.412	-566.915	-27.7036	777.499	-720.497	25.3145	306.947	743.837	0	0	1.12406	11.7311	232.291	-13.0324	0	-22.0695	0	0	1.95562	0
LYSA326	12.4749	-335.432	-169.451	-566.861	-27.5502	776.97	-720.606	25.2846	306.75	743.658	0	0	1.12406	11.7356	232.206	-13.0324	0	-22.0695	0	0	1.95562	0
GLNA327	12.4705	-335.432	-169.451	-566.881	-27.5502	776.994	-720.637	25.2846	306.75	743.681	0	0	1.12406	11.7356	232.206	-13.0324	0	-22.0695	0	0	1.95562	0
ILEA339	12.3515	-335.434	-169.451	-566.946	-27.5502	777.03	-720.767	25.2843	306.794	743.674	0	0	1.12406	11.7401	232.23	-13.0324	0	-22.0695	0	0	1.95562	0
GLUA340	11.9947	-335.866	-169.883	-567.02	-27.4907	777.166	-720.832	25.2847	307.186	743.732	0	0	1.12406	11.7401	232.281	-13.0324	0	-22.0695	0	0	1.95562	0
ASNA341	11.9947	-335.866	-169.883	-567.02	-27.4907	777.166	-720.832	25.2847	307.186	743.732	0	0	1.12406	11.7401	232.281	-13.0324	0	-22.0695	0	0	1.95562	0
GLUA344	11.0987	-335.866	-169.883	-566.576	-27.5644	775.889	-720.422	25.2843	306.942	743.563	0	0	1.12406	11.7553	232.244	-13.0324	0	-22.0695	0	0	1.95562	0
VALA347	9.55552	-335.858	-169.883	-566.446	-27.5978	775.434	-720.394	24.2511	306.902	743.427	0	0	1.12406	11.7423	232.076	-13.0324	0	-22.0695	0	0	1.95562	0
ASPA348	8.69488	-335.858	-169.883	-566.04	-27.5743	774.198	-720.01	24.251	306.706	743.309	0	0	1.12406	11.6147	232.028	-13.0292	0	-22.0695	0	0	1.95562	0
ARGA354	8.54887	-335.858	-169.989	-566.068	-27.5918	774.214	-720.05	24.2808	306.707	743.309	0	0	1.12406	11.6152	232.027	-13.0292	0	-22.0695	0	0	1.95562	0
H1SA355	8.54887	-335.858	-169.989	-566.068	-27.5918	774.214	-720.05	24.2808	306.707	743.309	0	0	1.12406	11.6152	232.027	-13.0292	0	-22.0695	0	0	1.95562	0
GLNA356	7.80026	-335.843	-170.821	-566.097	-27.5918	774.115	-720.111	24.2809	306.963	743.244	0	0	1.12406	11.6798	232.027	-13.0292	0	-22.0695	0	0	1.95562	0
ASNA357	7.68817	-335.864	-170.828	-566.107	-27.592	774.12	-720.123	24.239	306.962	743.242	0	0	1.12406	11.6542	232.025	-13.0292	0	-22.0695	0	0	1.95865	0
SERA358	7.66131	-335.864	-170.806	-566.099	-27.5918	774.108	-720.114	24.2485	306.952	743.243	0	0	1.12406	11.6012	232.025	-13.0292	0	-22.0695	0	0	1.95865	0
GLUA359	7.61159	-335.84	-170.783	-566.047	-27.6186	773.956	-720.071	24.2484	306.902	743.242	0	0	1.12406	11.601	232.001	-12.9916	0	-22.0695	0	0	1.95865	0
ILEA361	7.61159	-335.84	-170.783	-566.047	-27.6186	773.956	-720.071	24.2484	306.902	743.242	0	0	1.12406	11.601	232.001	-12.9916	0	-22.0695	0	0	1.95865	0
GLNA363	7.27965	-335.837	-171.076	-566.073	-27.61	773.971	-720.103	24.2366	306.902	743.248	0	0	1.12406	11.6009	232.002	-12.9916	0	-22.0695	0	0	1.95865	0
ASPA366	7.23975	-335.845	-171.099	-566.084	-27.6239	773.991	-720.117	24.2366	306.903	743.248	0	0	1.12406	11.6009	232.001	-12.9827	0	-22.0695	0	0	1.95865	0
LEUA367	6.99537	-335.865	-171.101	-566.301	-27.6239	774.154	-720.477	24.2366	307.03	743.257	0	0	1.12406	11.6546	232.043	-12.9827	0	-22.0695	0	0	1.95865	0
LYSA368	6.33825	-335.89	-171.108	-566.393	-27.7448	773.913	-720.902	24.2366	307.224	743.248	0	0	1.12406	11.6819	232.279	-12.9402	0	-22.0695	0	0	1.95865	0
SERA369	6.33825	-335.89	-171.108	-566.393	-27.7448	773.913	-720.902	24.2366	307.224	743.248	0	0	1.12406	11.6819	232.279	-12.9402	0	-22.0695	0	0	1.95865	0
GLNA371	6.28512	-335.869	-171.108	-566.337	-27.7448	773.797	-720.874	24.2366	307.182	743.248	0	0	1.12406	11.6817	232.276	-12.9402	0	-22.0695	0	0	1.95865	0
ASNA375	6.02768	-335.87	-171.108	-566.372	-27.7448	773.811	-720.946	24.2562	307.205	743.248	0	0	1.12406	11.4752	232.323	-12.9402	0	-22.0695	0	0	1.95865	0
GLNA376	5.41676	-336.244	-171.43	-566.32	-27.7353	773.594	-720.845	24.2532	307.347	743.248	0	0	1.12406	11.4755	232.367	-12.9408	0	-22.0695	0	0	1.95865	0
ASNA378	4.5453	-336.857	-172.061	-566.379	-27.7353	773.608	-720.877	24.2535	307.811	743.248	0	0	1.12406	11.4621	232.373	-12.9408	0	-22.0695	0	0	1.95865	0
LYSA380	4.5453	-336.857	-172.061	-566.379	-27.7353	773.608	-720.877	24.2535	307.811	743.248	0	0	1.12406	11.4621	232.373	-12.9408	0	-22.0695	0	0	1.95865	0
ASNA382	3.63637	-337.489	-172.711	-566.39	-27.735	773.489	-720.89	24.2507	308.324	743.256	0	0	1.12406	11.4592	232.44	-12.9426	0	-22.0695	0	0	1.95865	0
ARGA383	2.44445	-337.492	-174.724	-567.3	-28.5806	775.044	-721.629	24.2609	310.176	743.257	0	0	1.12406	11.4625	232.78	-13.0433	0	-22.0695	0	0	1.95865	0
ILEA385	2.01538	-337.494	-174.724	-567.432	-28.5999	775.044	-721.935	24.2622	310.203	743.258	0	0	1.12406	11.4636	232.79	-13.0433	0	-22.0695	0	0	1.95865	0
LYSA387	2.0099	-337.498	-174.728	-567.432	-28.6002	775.039	-721.936	24.2618	310.207	743.262	0	0	1.12406	11.4608	232.788	-13.0392	0	-22.0695	0	0	1.95865	0
THRA388	1.96861	-337.493	-174.728	-567.44	-28.6002	775.038	-721.97	24.2724	310.225	743.257	0	0	1.12406	11.4343	232.789	-13.0392	0	-22.0695	0	0	1.95865	0
ASNA389	1.07377	-337.493	-174.728	-567.311	-28.601	774.794	-721.882	24.2724	310.127	743.252	0	0	1.12406	10.6683	232.787	-13.0392	0	-22.0695	0	0	1.95865	0
GLUA390	1.07377	-337.493	-174.728	-567.311	-28.601	774.794	-721.882	24.2724	310.127	743.252	0	0	1.12406	10.6683	232.787	-13.0392	0	-22.0695	0	0	1.95865	0
LYSA391	0.516265	-337.564	-174.693	-567.607	-28.5884	774.991	-722.336	24.2717	310.226	743.192	0	0	1.12406	10.6684	232.786	-13.059	0	-22.0695	0	0	1.95856	0
PHEA392	0.44759	-337.566	-174.693	-567.65	-28.5772	775.016	-722.408	24.2749	310.235	743.192	0	0	1.12406	10.6684	232.786	-13.059	0	-22.0695	0	0	1.95889	0
HISA393	-0.393102	-338.022	-175.233	-567.643	-28.5755	774.872	-722.41	24.3943	310.236	743.367	0	0	1.12406	10.6684	232.786	-13.0574	0	-22.0695	0	0	1.95662	0
GLNA394	-0.47311	-338.048	-175.301	-567.638	-28.5758	774.886	-722.399	24.3854	310.228	743.368	0	0	1.12406	10.6684	232.786	-13.0574	0	-22.0695	0	0	1.95662	0
ILEA395	-0.51568	-338.053	-175.301	-567.716	-28.5727	774.991	-722.523	24.3861	310.271	743.382	0	0	1.12406	10.6678	232.801	-13.0574	0	-22.0695	0	0	1.95662	0
GLUA396	-1.98284	-338.096	-176.304	-567.486	-27.9202	773.798	-722.534	24.3661	310.323	743.309	0	0	1.12406	10.6642	232.775	-13.0976	0	-22.0695	0	0	1.94074	0
LYSA397	-2.21377	-338.12	-176.442	-567.509	-27.8768	773.792	-722.575	24.2824	310.324	743.32	0	0	1.12406	10.6937	232.768	-13.0976	0	-22.0695	0	0	1.94074	0
GLUA398	-2.80353	-338.854	-177.176	-567.521	-27.9119	774	-722.507	24.3014	311.001	743.308	0	0	1.12406	10.6799	232.737	-13.1186	0	-22.0695	0	0	1.94074	0
SERA400	-3.09666	-338.854	-176.972	-567.494	-27.9624	773.91	-722.49	23.8035	311.053	743.305	0	0	1.12406	10.6955	232.737	-13.086	0	-22.0695	0	0	1.94074	0
GLUA401	-3.11246	-338.854	-176.964	-567.492	-27.9754	773.906	-722.49	23.8035	311.049	743.306	0	0	1.12406	10.6865	232.737	-13.0836	0	-22.0695	0	0	1.94074	0
VALA402	-3.17779	-338.854	-176.964	-567.494	-27.9754	773.877	-722.516	23.8035	311.061	743.304	0	0	1.12406	10.6693	232.737	-13.0836	0	-22.0695	0	0	1.94074	0
GLUA403	-3.24297	-338.854	-177.248	-567.56	-27.9846	774.042	-722.574	23.8035	311.234	743.316	0	0	1.12406	10.6709	232.737	-13.0839	0	-22.0695	0	0	1.94074	0
ARGA405	-3.58075	-338.889	-177.248	-567.856	-28.0654	774.228	-723.066	23.8047	311.49	743.316	0	0	1.12406	10.6756	232.856	-12.9661	0	-22.0695	0	0	1.94074	0
ILEA406	-3.58075	-338.889	-177.248	-567.856	-28.0654	774.228	-723.066	23.8047	311.49	743.316	0	0	1.12406	10.6756	232.856	-12.9661	0	-22.0695	0	0	1.94074	0
ASPA408	-3.89108	-338.881	-177.248	-567.692	-28.0695	773.567	-722.956	23.8047	311.407	743.316	0	0	1.12406	10.6734	232.727	-12.8084	0	-22.0695	0	0	1.94074	0
LEUA409	-4.47692	-338.921	-177.248	-568.018	-28.0731	773.757	-723.457	23.8075	311.586	743.31	0	0	1.12406	10.599	232.979	-12.8135	0	-22.0695	0	0	1.94074	0
GLUA410	-4.50368	-338.92	-177.248	-568.007	-28.0754	773.721	-723.445	23.8075	311.574	743.31	0	0	1.12406	10.5988	232.979	-12.8137	0	-22.0695	0	0	1.94074	0
LYSA411	-4.54349	-338.921	-177.293	-568.02	-28.077	773.73	-723.466	23.8075	311.606	743.31	0	0	1.12406	10.5988	232.981	-12.8127	0	-22.0695	0	0	1.94074	0
TYRA412	-5.4553	-339.059	-177.293	-568.364	-28.1977	773.819	-724.082	23.7121	311.948	743.309	0	0	1.12406	10.571	233.17	-12.8151	0	-22.0695	0	0	1.94074	0
VALA413	-5.45579	-339.059	-177.293	-568.364	-28.1977	773.819	-724.082	23.7116	311.948	743.309	0	0	1.12406	10.571	233.17	-12.8151	0	-22.0695	0	0	1.94074	0
GLUA414	-5.49647	-339.057	-177.301	-568.375	-28.1853	773.803	-724.116	23.7126	311.956	743.315	0	0	1.12406	10.5721	233.166	-12.8151	0	-22.0695	0	0	1.94074	0
ASPA415	-6.24267	-339.08	-177.301	-568.385	-28.5511	773.516	-724.195	23.7145	312.016	743.315	0	0	1.12406	10.5706	233.219	-12.8578	0	-22.0695	0	0	1.94074	0
THRA416	-7.10726	-339.497	-177.723	-568.445	-28.5511	773.699	-724.203	22.9068	312.476	743.315	0	0	1.12406	10.7781	233.272	-12.8578	0	-22.0695	0	0	1.94074	0
LYSA417	-7.88699	-339.54	-177.75	-568.815	-28.5855	773.697	-724.857	22.935	312.801	743.316	0	0	1.12406	10.7741	233.664	-12.8578	0	-22.0695	0	0	1.94074	0
ASPA419	-8.13629	-339.523	-177.749	-568.737	-28.5755	773.356	-724.801	22.9339	312.733	743.316	0	0	1.12406	10.7729	233.623	-12.8578	0	-22.0695	0	0	1.94074	0
LEUA420	-8.43968	-339.567	-177.749	-568.931	-28.584	773.494	-725.139	22.9431	312.867	743.316	0	0	1.12406	10.7728	233.771	-12.8578	0	-22.0695	0	0	1.94074	0
TRPA421	-8.43968	-339.567	-177.749	-568.931	-28.584	773.494	-725.139	22.9431	312.867	743.316	0	0	1.12406	10.7728	233.771	-12.8578	0	-22.0695	0	0	1.94074	0
SERA422	-10.6542	-340.024	-178.198	-568.936	-28.584	773.51	-725.14	21.6187	312.867	743.316	0	0	1.12406	10.7779	233.776	-12.8578	0	-22.0695	0	0	1.94074	0
TYRA423	-10.8246	-340.04	-178.198	-569.013	-28.584	773.527	-725.281	21.6187	312.928	743.316	0	0	1.12406	10.7655	233.732	-12.8578	0	-22.0695	0	0	1.94074	0
ASNA424	-10.9055	-340.017	-178.198	-568.959	-28.584	773.37	-725.252	21.6186	312.9	743.316	0	0	1.12406	10.7637	233.651	-12.8578	0	-22.0695	0	0	1.94074	0
GLUA426	-11.2727	-340.073	-178.471	-568.923	-28.5375	773.241	-725.228	21.6189	312.887	743.312	0	0	1.12406	10.7637	233.649	-12.8578	0	-22.0695	0	0	1.94074	0
LEUA427	-11.3435	-340.042	-178.471	-568.948	-28.5375	773.2	-725.316	21.6247	312.924	743.312	0	0	1.12406	10.7737	233.646	-12.8578	0	-22.0695	0	0	1.94074	0
LEUA428	-12.0789	-340.039	-178.471	-569.268	-28.4818	773.115	-726.068	21.6849	313.119	743.312	0	0	1.12406	10.8811	233.649	-12.8578	0	-22.0695	0	0	1.94074	0
LEUA431	-12.1332	-340.039	-178.471	-569.293	-28.4818	773.115	-726.126	21.6884	313.144	743.312	0	0	1.12406	10.8813	233.649	-12.8578	0	-22.0695	0	0	1.94074	0
GLUA432	-12.1838	-340.037	-178.506	-569.309	-28.5374	773.174	-726.139	21.688	313.148	743.312	0	0	1.12406	10.8826	233.646	-12.8532	0	-22.0695	0	0	1.94074	0
H2SA435	-12.1935	-340.037	-178.506	-569.333	-28.5418	773.214	-726.165	21.6884	313.151	743.312	0	0	1.12406	10.8826	233.646	-12.8532	0	-22.0695	0	0	1.94074	0
ASPA438	-12.2673	-340.038	-178.603	-569.34	-28.5417	773.246	-726.169	21.6884	313.151	743.312	0	0	1.12406	10.8857	233.646	-12.8532	0	-22.0695	0	0	1.94074	0
ASPA441	-12.8794	-340.094	-179.028	-569.345	-28.5322	773.24	-726.168	21.6262	313.149	743.322	0	0	1.12406	10.8082	233.648	-12.8532	0	-22.0695	0	0	1.94074	0
SERA442	-13.7481	-340.771	-179.66	-569.441	-28.555	773.536	-726.208	21.6522	313.406	743.322	0	0	1.12406	10.829	233.628	-12.8532	0	-22.0695	0	0	1.94074	0
GLUA443	-14.3128	-340.791	-180.603	-569.504	-28.4558	773.585	-726.302	21.6669	313.799	743.322	0	0	1.12406	10.8323	233.63	-12.857	0	-22.0695	0	0	1.94074	0
ASNA445	-15.0781	-341.348	-181.235	-569.399	-28.4565	773.338	-726.208	21.6669	314.231	743.322	0	0	1.12406	10.8726	233.547	-12.857	0	-22.0695	0	0	1.94074	0
LYSA446	-16.2625	-341.341	-181.602	-568.884	-27.9444	771.765	-726.04	21.7204	313.798	743.322	0	0	1.12406	10.8788	233.487	-12.9307	0	-22.0695	0	0	1.94074	0
GLUA449	-16.2631	-341.341	-181.602	-568.883	-27.9453	771.764	-726.039	21.7189	313.799	743.322	0	0	1.12406	10.8789	233.486	-12.9305	0	-22.0695	0	0	1.94074	0
ARGA450	-16.5416	-341.335	-181.602	-568.766	-27.9042	771.366	-725.978	21.6967	313.791	743.325	0	0	1.12406	10.8787	233.437	-13.0092	0	-22.0695	0	0	1.94074	0
THRA451	-16.575	-341.319	-181.59	-568.761	-27.9042	771.346	-725.98	21.6947	313.791	743.325	0	0	1.12406	10.8361	233.436	-13.0092	0	-22.0695	0	0	1.94074	0
LYSA452	-17.3359	-341.348	-181.896	-568.979	-28.1935	771.337	-726.291	21.6977	314.167	743.312	0	0	1.12406	10.8276	233.478	-12.9656	0	-22.0695	0	0	1.94074	0
LYSA453	-17.5283	-341.373	-181.904	-569.061	-28.2641	771.45	-726.35	21.5467	314.253	743.312	0	0	1.12406	10.8281	233.641	-12.9623	0	-22.0695	0	0	1.94074	0
GLNA454	-18.3995	-341.423	-181.962	-568.654	-28.261	770.39	-726.155	21.5776	314.122	743.1	0	0	1.12406	10.8325	233.56	-12.9626	0	-22.0695	0	0	1.94074	0
ARGA456	-21.1234	-342.375	-182.622	-568.45	-28.1193	769.479	-726.198	21.4202	314.423	743.098	0	0	1.12406	10.7903	233.883	-13.5241	0	-22.0695	0	0	1.90058	0
GLUA457	-21.5806	-342.47	-182.877	-568.541	-28.207	769.528	-726.351	21.3914	314.668	743.088	0	0	1.12406	10.7956	233.889	-13.5635	0	-22.0695	0	0	1.90205	0
ASNA458	-21.9615	-342.468	-182.902	-568.564	-28.207	769.56	-726.371	21.1235	314.677	743.088	0	0	1.12406	10.7098	233.906	-13.5635	0	-22.0695	0	0	1.90225	0
GLUA460	-22.794	-342.468	-183.8	-568.542	-28.1122	769.324	-726.415	21.1378	314.91	743.097	0	0	1.12406	10.7086	233.906	-13.59	0	-22.0695	0	0	1.90225	0
ASPA461	-22.7992	-342.47	-183.807	-568.542	-28.1116	769.326	-726.416	21.1378	314.912	743.097	0	0	1.12406	10.7077	233.906	-13.59	0	-22.0695	0	0	1.90225	0
ASNA464	-24.4764	-342.895	-184.188	-568.548	-28.1045	768.653	-726.659	21.1587	315.018	743.074	0	0	1.12406	10.6469	233.929	-13.59	0	-22.0695	0	0	1.90225	0
LYSA468	-25.4587	-342.93	-185.894	-568.824	-28.2006	769.145	-726.983	21.1574	315.88	743.135	0	0	1.12406	10.6557	233.998	-13.5557	0	-22.0695	0	0	1.90225	0
H2SA471	-25.4791	-342.91	-185.954	-568.823	-28.2006	769.131	-726.987	21.1938	315.881	743.135	0	0	1.12406	10.6527	234	-13.5557	0	-22.0695	0	0	1.90225	0
LYSA472	-25.4882	-342.91	-185.983	-568.825	-28.2052	769.142	-726.988	21.1916	315.899	743.135	0	0	1.12406	10.6527	234	-13.5544	0	-22.0695	0	0	1.90225	0
ASPA474	-25.5337	-342.925	-185.999	-568.827	-28.1976	769.152	-726.99	21.1916	315.898	743.135	0	0	1.12406	10.6493	234.001	-13.5771	0	-22.0695	0	0	1.90225	0
ASNA475	-26.3356	-342.956	-186.712	-568.707	-28.1604	768.874	-726.959	21.2022	316.06	743.039	0	0	1.12406	10.6494	234.209	-13.6193	0	-22.0695	0	0	1.8986	0
SERA480	-26.5112	-343.037	-186.784	-568.7	-28.1604	768.844	-726.964	21.2021	316.06	743.045	0	0	1.12406	10.6494	234.2	-13.6193	0	-22.0695	0	0	1.8986	0
ARGA482	-28.1999	-344.113	-189.282	-568.217	-28.3286	768.546	-726.301	21.2469	317.076	743.273	0	0	1.12406	10.5715	234.002	-13.6064	0	-22.0695	0	0	1.88038	0
ASNA483	-28.2182	-344.113	-189.305	-568.22	-28.3286	768.556	-726.302	21.2469	317.075	743.273	0	0	1.12406	10.5715	234.002	-13.6064	0	-22.0695	0	0	1.88038	0
THRA485	-28.2661	-344.113	-189.305	-568.242	-28.3286	768.469	-726.322	21.2469	317.07	743.275	0	0	1.12406	10.656	234.071	-13.6064	0	-22.0695	0	0	1.88038	0
ASPA487	-28.2661	-344.113	-189.305	-568.242	-28.3286	768.469	-726.322	21.2469	317.07	743.275	0	0	1.12406	10.656	234.071	-13.6064	0	-22.0695	0	0	1.88038	0
H1SA488	-28.2814	-344.113	-189.305	-568.24	-28.3288	768.457	-726.327	21.2455	317.068	743.274	0	0	1.12406	10.6599	234.071	-13.6064	0	-22.0695	0	0	1.88028	0
ASPA489	-28.2814	-344.113	-189.305	-568.24	-28.3288	768.457	-726.327	21.2455	317.068	743.274	0	0	1.12406	10.6599	234.071	-13.6064	0	-22.0695	0	0	1.88028	0
VALA490	-28.2814	-344.113	-189.305	-568.24	-28.3288	768.457	-726.327	21.2455	317.068	743.274	0	0	1.12406	10.6599	234.071	-13.6064	0	-22.0695	0	0	1.88028	0
TYRA491	-28.6417	-344.121	-189.305	-568.461	-28.3141	768.593	-726.656	21.2127	317.096	743.317	0	0	1.12406	10.6686	234.239	-13.6064	0	-22.0695	0	0	1.88028	0
ARGA492	-28.8507	-344.161	-190.612	-568.679	-28.3934	769.153	-726.681	21.2354	317.901	743.317	0	0	1.12406	10.7169	234.451	-13.5922	0	-22.0695	0	0	1.89081	0
ASPA493	-29.0812	-344.903	-191.325	-568.946	-28.2042	770.008	-726.849	21.267	318.394	743.317	0	0	1.12406	11.3335	234.726	-14.1196	0	-22.0695	0	0	1.89081	0
GLUA494	-29.2409	-344.909	-191.331	-568.922	-28.2018	769.846	-726.846	21.2647	318.384	743.317	0	0	1.12406	11.3268	234.726	-14.115	0	-22.0695	0	0	1.89081	0
LEUA496	-29.2723	-344.934	-191.331	-568.99	-28.2061	769.916	-726.956	21.2647	318.419	743.317	0	0	1.12406	11.3966	234.786	-14.115	0	-22.0695	0	0	1.89081	0
ASNA497	-30.0457	-345.687	-192.025	-569.021	-28.206	770.049	-726.921	21.2669	318.955	743.308	0	0	1.12406	11.4039	234.901	-14.115	0	-22.0695	0	0	1.89081	0
ASNA498	-30.0457	-345.687	-192.025	-569.021	-28.206	770.049	-726.921	21.2669	318.955	743.308	0	0	1.12406	11.4039	234.901	-14.115	0	-22.0695	0	0	1.89081	0
ARGA499	-30.3483	-345.742	-192.185	-568.979	-28.2428	770.007	-726.856	21.2569	318.844	743.327	0	0	1.12406	11.3906	234.895	-14.1148	0	-22.0695	0	0	1.89081	0
PHEA500	-30.5599	-345.77	-192.185	-569.15	-28.2447	770.129	-727.123	21.2567	318.977	743.328	0	0	1.12406	11.3919	234.906	-14.1148	0	-22.0695	0	0	1.89081	0
GLNA501	-32.2812	-347.863	-194.519	-569.577	-28.2959	771.32	-727.402	21.2713	321.203	743.774	0	0	1.12406	11.4101	235.193	-14.5483	0	-22.0695	0	0	1.89081	0
ILEA502	-32.2931	-347.863	-194.519	-569.471	-28.2959	771.135	-727.285	21.2713	321.171	743.769	0	0	1.12406	11.3982	235.139	-14.5483	0	-22.0695	0	0	1.89081	0
LYSA503	-32.4508	-348.039	-194.694	-569.504	-28.2942	771.207	-727.322	21.2713	321.368	743.771	0	0	1.12406	11.4155	235.142	-14.5767	0	-22.0695	0	0	1.89081	0
